batches,device/batches_per_sec,device/items_per_sec,device/samples_per_sec,lengths,samples,step,time
1,,,,488,4,1,0.6732937000342645
2,,,,732,8,2,0.8793897000141442
3,,,,968,12,3,1.0353196000214666
4,,,,1232,16,4,1.1887797000235878
5,,,,1476,20,5,1.335655200004112
6,,,,1736,24,6,1.5184746000450104
7,,,,1940,28,7,1.6661710999906063
8,,,,2200,32,8,1.81931110000005
9,,,,2436,36,9,1.9811703000450507
10,,,,2660,40,10,2.170119700022042
11,,,,2904,44,11,2.3326416999916546
12,,,,3136,48,12,2.53039249998983
13,,,,3448,52,13,2.715856100025121
14,,,,3684,56,14,2.8773205000325106
15,,,,3972,60,15,3.0315263000084087
16,,,,4200,64,16,3.1782579999999143
17,,,,4420,68,17,3.3283142000436783
18,,,,4664,72,18,3.482898299989756
19,,,,4892,76,19,3.622777800017502
20,,,,5116,80,20,3.7651421999908052
21,,,,5368,84,21,3.9283467000350356
22,,,,5684,88,22,4.093485300021712
23,,,,5928,92,23,4.251513700000942
24,,,,6168,96,24,4.402135300042573
25,,,,6384,100,25,4.576404599996749
26,,,,6620,104,26,4.718623600027058
27,,,,6848,108,27,4.8846935000037774
28,,,,7072,112,28,5.029936300008558
29,,,,7268,116,29,5.19488220004132
30,,,,7504,120,30,5.329334000009112
31,,,,7700,124,31,5.491872699989472
32,,,,7948,128,32,5.674262600019574
33,,,,8192,132,33,5.809478799987119
34,,,,8512,136,34,5.987179099989589
35,,,,8696,140,35,6.147833900002297
36,,,,8968,144,36,6.318775099993218
37,,,,9200,148,37,6.474760000011884
38,,,,9400,152,38,6.625579499988817
39,,,,9628,156,39,6.764992900018115
40,,,,9860,160,40,6.913594799989369
41,,,,10136,164,41,7.0706851000431925
42,,,,10432,168,42,7.246487200027332
43,,,,10692,172,43,7.401199500018265
44,,,,10944,176,44,7.636554100026842
45,,,,11192,180,45,7.83920530002797
46,,,,11428,184,46,7.9990134999970905
47,,,,11736,188,47,8.163700900040567
48,,,,12060,192,48,8.333812900003977
49,,,,12332,196,49,8.495100400003139
50,6.142629115234303,1520.864825020869,24.570516460937213,12620,200,50,8.650334000005387
51,6.1819466241054615,1533.1227627781543,24.727786496421846,12884,204,51,8.80569559999276
52,6.190147745693216,1531.1140954653426,24.760590982772865,13088,208,52,8.951124200015329
53,6.203136019480832,1526.7310284681394,24.812544077923327,13292,212,53,9.088010000006761
54,6.202203321333203,1519.9195404605937,24.80881328533281,13484,216,54,9.236073400010355
55,6.228121736430588,1517.1196131843978,24.912486945722353,13672,220,55,9.386015099997167
56,6.212693252476676,1514.8828363385985,24.850773009906703,13888,224,56,9.553249699994922
57,6.221696518491468,1513.522908171802,24.886786073965872,14120,228,57,9.694976500002667
58,6.232492102947759,1512.0789004049584,24.929968411791037,14324,232,58,9.84319390001474
59,6.269837638356532,1523.1866785101256,25.079350553426128,14564,236,59,9.985314099991228
60,6.273712874185189,1519.5188651189758,25.094851496740755,14772,240,60,10.143008699989878
61,6.302022390995935,1537.693463403008,25.20808956398374,15092,244,61,10.305674300005194
62,6.335963590107793,1532.0101350121863,25.343854360431173,15296,248,62,10.449486400000751
63,6.339452258912246,1533.8886935033383,25.357809035648984,15540,252,63,10.606694900023285
64,6.339891657990911,1529.8546727364192,25.359566631963645,15796,256,64,10.760364999994636
65,6.348080187003769,1528.2031405284993,25.392320748015077,15996,260,65,10.897127100033686
66,6.355445102846229,1530.494943134398,25.421780411384916,16220,264,66,11.038238400011323
67,6.368434275838665,1532.5832036875415,25.47373710335466,16456,268,67,11.177097200008575
68,6.369102045788899,1534.8236113607209,25.476408183155595,16700,272,68,11.316170000005513
69,6.375890576902236,1535.939027954163,25.503562307608945,16920,276,69,11.45034310000483
70,6.382177584148927,1537.4535551692638,25.528710336595708,17172,280,70,11.60597700002836
71,6.397952905791713,1530.808160561266,25.59181162316685,17408,284,71,11.752184999990277
72,6.3895037300995385,1520.4410916930738,25.558014920398154,17588,288,72,11.920340900018346
73,6.395147163951199,1523.3501570946612,25.580588655804796,17840,292,73,12.064195100043435
74,6.428119754735476,1531.7291072712533,25.712479018941902,18060,296,74,12.199162400036585
75,6.401328800891845,1528.4805504170322,25.60531520356738,18320,300,75,12.373284300032537
76,6.411899732166705,1529.9577891529207,25.64759892866682,18540,304,76,12.526734400016721
77,6.402747170527969,1532.4779350194292,25.610988682111877,18800,308,77,12.682901300024241
78,6.42241606708582,1544.001250413693,25.68966426834328,19048,312,78,12.824409699998796
79,6.413696262492616,1541.3813711655723,25.654785049970464,19280,316,79,12.969234300020617
80,6.4376088366043716,1552.9089071155852,25.750435346417486,19520,320,80,13.103394500038121
81,6.4652117248791425,1556.9285378280383,25.86084689951657,19748,324,81,13.253287400002591
82,6.452300950404853,1549.0789465420958,25.80920380161941,19956,328,82,13.40366890002042
83,6.452791227928865,1548.1431362353414,25.81116491171546,20268,332,83,13.580792199994903
84,6.459782933895142,1561.4218177357973,25.83913173558057,20540,336,84,13.733228099998087
85,6.47393275599456,1558.5002201982006,25.89573102397824,20764,340,85,13.887590199999977
86,6.480267288530079,1562.670169005539,25.921069154120318,21016,344,86,14.036176500027068
87,6.479886195191737,1569.4548849905211,25.919544780766948,21268,348,87,14.187440700014122
88,6.481196428837998,1567.126842630053,25.92478571535199,21476,352,88,14.325325400044676
89,6.486406345554858,1567.857076668403,25.945625382219433,21704,356,89,14.467854799993802
90,6.477249592781203,1567.230023918652,25.908998371124813,21992,360,90,14.635624399990775
91,6.513135665450066,1566.8743515168444,26.052542661800263,22220,364,91,14.769745199999306
92,6.523717113348933,1564.0944621963934,26.094868453395733,22440,368,92,14.912254800030496
93,6.575646478662006,1576.008005008298,26.302585914648024,22688,372,93,15.088292900007218
94,6.628624315344692,1589.2464991157028,26.514497261378768,22940,376,94,15.23138770001242
95,6.650152934506481,1593.8652257723288,26.600611738025925,23172,380,95,15.367265100008808
96,6.657323498084051,1595.5838196224306,26.629293992336205,23480,384,96,15.524016200040933
97,6.646406520591274,1590.2544907635122,26.585626082365096,23784,388,97,15.70621780003421
98,6.6602916348738255,1592.4893223302397,26.641166539495302,24048,392,98,15.852135599998292
99,6.664133117384505,1595.5838721052046,26.65653246953802,24352,396,99,16.003128300013486
100,6.667469212200751,1591.4840797122447,26.669876848803003,24580,400,100,16.15481090004323
101,6.6637890884205495,1596.589467307291,26.655156353682198,24828,404,101,16.304298100003507
102,6.64973616693561,1595.3938444590822,26.59894466774244,25048,408,102,16.456723400042392
103,6.630547054756759,1598.3677920568741,26.522188219027036,25296,412,103,16.62611220002873
104,6.58280628227055,1592.2330623973583,26.3312251290822,25524,416,104,16.829649000021163
105,6.52964269219433,1595.897977177945,26.11857076877732,25864,420,105,17.057488800026476
106,6.403658229606585,1562.4926080240068,25.61463291842634,26076,424,106,17.34685269999318
107,6.323583361484452,1554.3109797085458,25.29433344593781,26368,428,107,17.591965000028722
108,6.275681465341936,1551.758298654753,25.102725861367745,26680,432,108,17.793231100018602
109,6.257736845518061,1547.3212167407517,25.030947382072245,26888,436,109,17.973315600014757
110,6.254626429105709,1546.0415369250684,25.018505716422837,27204,440,110,18.139875199995004
111,6.2367770779922385,1553.8484605740662,24.947108311968954,27504,444,111,18.30610839999281
112,6.23388025118009,1556.6889541518283,24.93552100472036,27776,448,112,18.466967799991835
113,6.188837940716689,1545.9464570280054,24.755351762866756,28036,452,113,18.67784489999758
114,6.136420569057868,1541.8695927804176,24.54568227623147,28308,456,114,18.88223819999257
115,6.052308820550918,1526.169954831166,24.20923528220367,28576,460,115,19.134322300029453
116,6.0145012817328585,1521.5460793542964,24.058005126931434,28852,464,116,19.324073600000702
117,5.978139310958555,1516.251333808019,23.91255724383422,29128,468,117,19.512700300023425
118,5.92627223879575,1506.9663692937766,23.705088955183,29380,472,118,19.718609900039155
119,5.913728501069061,1500.3974025569503,23.654914004276243,29604,476,119,19.89178180001909
120,5.912674313327313,1499.1646054852765,23.650697253309254,29832,480,120,20.039467099995818
121,5.923367246180298,1510.5795328218164,23.693468984721193,30084,484,121,20.192662700021174
122,5.91052243434337,1504.4088939006226,23.64208973737348,30312,488,122,20.3544944000314
123,5.8785538287496175,1495.7920232010251,23.51421531499847,30528,492,123,20.534545800008345
124,5.880092952505265,1496.6636592580749,23.52037181002106,30792,496,124,20.706485900038388
125,5.869653842920249,1490.1733429781202,23.478615371680995,30980,500,125,20.874756500008516
126,5.862471842350033,1485.4785794820002,23.44988736940013,31216,504,126,21.04115040000761
127,5.857499913609968,1481.3497740705047,23.42999965443987,31440,508,127,21.18975339998724
128,5.837887163305579,1483.5381828057361,23.351548653222316,31732,512,128,21.36268190003466
129,5.806575733712001,1476.0552518187078,23.226302934848004,31976,516,129,21.542103000043426
130,5.75407424858195,1460.8302786195807,23.0162969943278,32188,520,130,21.768992600031197
131,5.699599093700983,1450.7224468701768,22.798396374803932,32428,524,131,22.0007648000028
132,5.6562235080904095,1428.6004517576919,22.624894032361638,32644,528,132,22.243816200003494
133,5.589568459869753,1408.1149605843311,22.35827383947901,32884,532,133,22.499557800008915
134,5.5322286187770855,1390.9603384353813,22.128914475108342,33084,536,134,22.7447802000097
135,5.48018315443086,1373.4010027838972,21.92073261772344,33296,540,135,22.97748350002803
136,5.430586914106118,1363.188143745005,21.72234765642447,33568,544,136,23.21040650003124
137,5.381248733506632,1353.4389671782803,21.524994934026527,33800,548,137,23.43101860000752
138,5.316361078437001,1337.553048468803,21.265444313748002,34032,552,138,23.684685499989428
139,5.28385431505998,1327.2179369338414,21.13541726023992,34300,556,139,23.909157900023274
140,5.230494886783522,1322.3545032137608,20.92197954713409,34608,560,140,24.137883600022178
141,5.189835992199558,1312.498930925243,20.75934396879823,34832,564,141,24.35378629999468
142,5.168371679089386,1303.6953868070368,20.673486716357544,35048,568,142,24.569035199994687
143,5.118729612383068,1290.3377177990951,20.47491844953227,35292,572,143,24.80407539999578
144,5.066911042050455,1278.5160841614656,20.26764416820182,35536,576,144,25.037851300032344
145,5.028280795718467,1270.4105357345838,20.113123182873867,35860,580,145,25.268897600006312
146,5.008912132473308,1263.881420528571,20.035648529893233,36148,584,146,25.488781100022607
147,4.95984690145931,1244.2130227089353,19.83938760583724,36340,588,147,25.73147280002013
148,4.926202124265147,1232.9580173875052,19.704808497060586,36616,592,148,25.94993900001282
149,4.891971492068928,1224.7899237694205,19.56788596827571,36848,596,149,26.171222500037402
150,4.841997039565651,1221.3690491639072,19.367988158262605,37188,600,150,26.42408950004028
151,4.801267550316919,1211.48718351262,19.205070201267677,37412,604,151,26.662361700029578
152,4.769649207485999,1203.1196776434072,19.078596829943997,37656,608,152,26.89940440002829
153,4.7587594485075835,1203.4805527735912,19.035037794030334,37916,612,153,27.12645020004129
154,4.762106121715319,1200.8282293860098,19.048424486861276,38220,616,154,27.347053700010292
155,4.761107634962466,1206.406375422326,19.044430539849863,38492,620,155,27.63857549999375
156,4.75540441522519,1200.691090309511,19.02161766090076,38740,624,156,27.896030800009612
157,4.730582330450289,1185.5418575087663,18.922329321801158,38960,628,157,28.15136389998952
158,4.701291273936876,1185.876737670608,18.805165095747505,39248,632,158,28.3959840000025
159,4.666759779620235,1171.4519446801812,18.66703911848094,39504,636,159,28.639665700029582
160,4.6392594681337895,1166.821095617976,18.557037872535158,39828,640,160,28.86813890002668
161,4.60253477181267,1152.3244200122008,18.41013908725068,40044,644,161,29.11327520001214
162,4.571966223990392,1143.9246103290247,18.28786489596157,40296,648,162,29.395334400003776
163,4.507962059187863,1129.750491567897,18.03184823675145,40588,652,163,29.751894899993204
164,4.488474856103647,1119.0042620849417,17.953899424414587,40792,656,164,30.051170799997635
165,4.421945824727344,1103.1401175809604,17.687783298909377,41076,660,165,30.40516820002813
166,4.396523692058029,1097.8747733882049,17.586094768232115,41364,664,166,30.657869399990886
167,4.3795821769723435,1087.9239644511706,17.518328707889374,41552,668,167,30.90689179999754
168,4.350357941229912,1083.1503445511207,17.401431764919646,41804,672,168,31.155222800036427
169,4.301947062112435,1069.6923062199573,17.20778824844974,42016,676,169,31.42965840001125
170,4.254492118526044,1056.155961831649,17.017968474104176,42248,680,170,31.70990110002458
171,4.20991947241008,1049.5586994890111,16.83967788964032,42528,684,171,31.993671900010668
172,4.187859443333681,1048.5032581799512,16.751437773334725,42796,688,172,32.23503400001209
173,4.146425692203097,1034.7447625359077,16.58570276881239,43020,692,173,32.52389290003339
174,4.100146805342897,1028.2164070215003,16.400587221371588,43268,696,174,32.825548099994194
175,4.060154015564232,1021.501606201548,16.24061606225693,43544,700,175,33.10965810000198
176,4.024223625203519,1012.1333052450648,16.096894500814077,43764,704,176,33.36601510003675
177,4.0008261951027215,1001.6762400310242,16.003304780410886,44000,708,177,33.61015220003901
178,3.9686521512126034,992.6489952094217,15.874608604850414,44232,712,178,33.88886410003761
179,3.960256322335922,995.3983033854943,15.841025289343689,44504,716,179,34.14192910003476
180,3.9491814177031466,994.8713351046457,15.796725670812586,44772,720,180,34.40839940001024
181,3.9458719459298055,997.258738334586,15.783487783719222,45028,724,181,34.66185730003053
182,3.9426225156610175,993.5408739465764,15.77049006264407,45232,728,182,34.92783360002795
183,3.9325284062884696,995.8124992903537,15.730113625153878,45492,732,183,35.204957200039644
184,3.931295871060526,997.425923857642,15.725183484242104,45728,736,184,35.44156700000167
185,3.8991813660816392,986.0950099690546,15.596725464326557,45960,740,185,35.777146900014486
186,3.8882452299996872,983.9640990203291,15.552980919998749,46200,744,186,36.03310440003406
187,3.8784360420206703,978.948917708401,15.513744168082681,46400,748,187,36.318644000042696
188,3.864526850293771,971.6524652167195,15.458107401175084,46620,752,188,36.588588499987964
189,3.84727317918175,961.0331370037677,15.389092716727,46848,756,189,36.8741770000197
190,3.837543771492682,960.1691150714342,15.350175085970728,47092,760,190,37.1223702999996
191,3.823460408162228,955.0848039980749,15.293841632648911,47288,764,191,37.38465110003017
192,3.814759899279986,949.797362677874,15.259039597119944,47492,768,192,37.64892050001072
193,3.803464258905499,946.9849787478998,15.213857035621997,47736,772,193,37.92084340000292
194,3.792524425078395,943.6419957256284,15.17009770031358,48052,776,194,38.189051699999254
195,3.78316725897732,937.9166502460507,15.13266903590928,48296,780,195,38.44089150003856
196,3.77481933117176,937.387788197918,15.09927732468704,48508,784,196,38.712226500036195
197,3.7633014561918054,933.2987611355677,15.053205824767222,48768,788,197,38.97042130003683
198,3.756233997354703,930.0128746103521,15.024935989418813,48980,792,198,39.21620319999056
199,3.760909410004439,925.3372213676228,15.043637640017756,49244,796,199,39.45285320002586
200,3.744925854746277,938.8299836674136,14.979703418985109,49696,800,200,39.74673290003557
201,3.751569534193893,940.4955134293425,15.006278136775572,49940,804,201,39.96060440002475
202,3.7475793601121175,934.6004036851035,14.99031744044847,50136,808,202,40.20155689999228
203,3.7379817022612674,933.7325721566921,14.95192680904507,50460,812,203,40.45573210000293
204,3.7528601006299596,937.4491353410348,15.011440402519838,50732,816,204,40.695283900015056
205,3.7471015977922124,935.3989131468234,14.98840639116885,50972,820,205,40.972804600023665
206,3.746640716045544,938.648192452553,14.986562864182176,51236,824,206,41.22974630002864
207,3.7414960376460966,941.0244319989897,14.965984150584386,51572,828,207,41.49234960001195
208,3.7355876644331896,938.3186321192592,14.942350657732758,51812,832,208,41.75674510002136
209,3.733120836989012,934.9563043169215,14.932483347956047,52100,836,209,41.993886000011116
210,3.728118597271812,941.6162399966519,14.912474389087247,52420,840,210,42.25663389998954
211,3.7396284743262167,942.9969271178517,14.958513897304867,52652,844,211,42.49824029998854
212,3.7630149054229527,944.9007223739594,15.05205962169181,52892,848,212,42.77336869999999
213,3.784513040438093,954.0062260304352,15.138052161752372,53144,852,213,42.998675400041975
214,3.812150006708607,959.417018014909,15.248600026834428,53408,856,214,43.25880720000714
215,3.812957056815134,958.9976075140756,15.251828227260535,53688,860,215,43.50878780003404
216,3.8079671983775154,962.7162786428706,15.231868793510062,53940,864,216,43.77464970003348
217,3.8123546291905477,962.8918549155554,15.24941851676219,54180,868,217,44.00817190000089
218,3.822364547311676,968.2283420659699,15.289458189246703,54428,872,218,44.24894850002602
219,3.824340128257598,969.6653419076,15.297360513030393,54672,876,219,44.522569000022486
220,3.8311894127608412,966.3979824841632,15.324757651043365,54888,880,220,44.783433700038586
221,3.826996275292033,963.1534299367622,15.307985101168132,55128,884,221,45.0388091999921
222,3.839300724501663,971.8915548309924,15.357202898006651,55424,888,222,45.286633700015955
223,3.8586369911301337,978.0463557109441,15.434547964520535,55688,892,223,45.5243327000062
224,3.858007619986599,972.8477990317228,15.432030479946397,55900,896,224,45.81051430001389
225,3.840830647827923,969.1434720356008,15.363322591311691,56128,900,225,46.12367210001685
226,3.8291236533961346,966.8146497921832,15.316494613584538,56372,904,226,46.406813900044654
227,3.8188084796965547,964.8336526253744,15.275233918786219,56612,908,227,46.7200915000285
228,3.796136970457101,958.795737681165,15.184547881828404,56880,912,228,47.04978790000314
229,3.7887448745734256,956.6194201678045,15.154979498293702,57144,916,229,47.34144230000675
230,3.767291512465972,947.5122571353191,15.069166049863888,57352,920,230,47.66854919999605
231,3.758995429498334,946.3462779243152,15.035981717993335,57568,924,231,47.963231200003065
232,3.753045184495624,950.6693230604017,15.012180737982495,57904,928,232,48.261021699989215
233,3.74006019848441,946.464213494014,14.96024079393764,58128,932,233,48.54296039999463
234,3.752014333974744,947.039046583666,15.008057335898975,58328,936,234,48.83679850003682
235,3.7433973537297582,944.252883512241,14.973589414919033,58560,940,235,49.12281820003409
236,3.7480480414516375,947.2617743946342,14.99219216580655,58784,944,236,49.39211570000043
237,3.739948896865629,947.0466512716066,14.959795587462516,59028,948,237,49.69037180003943
238,3.7280920194170895,943.4355314443247,14.912368077668358,59248,952,238,50.01762940001208
239,3.7259990059071826,944.4266868034124,14.90399602362873,59512,956,239,50.27320580004016
240,3.731704035817197,948.9190262506587,14.926816143268788,59748,960,240,50.51538160000928
241,3.7347534502106114,951.5237157638627,14.939013800842446,59976,964,241,50.76892980001867
242,3.728964095452363,949.7443247192957,14.915856381809451,60216,968,242,51.06122199998936
243,3.7361314609533007,948.5199055971236,14.944525843813203,60492,972,243,51.30422190000536
244,3.7372885948379637,945.4577432981918,14.949154379351855,60692,976,244,51.55200100003276
245,3.728558676036459,944.4667405502964,14.914234704145835,60920,980,245,51.854033900017384
246,3.7188929781547833,941.1076107983533,14.875571912619133,61168,984,246,52.1463853000314
247,3.711753636030545,938.3919192478855,14.84701454412218,61368,988,247,52.41751040000236
248,3.6947054343359245,933.4786383077294,14.778821737343698,61624,992,248,52.71507420000853
249,3.7081879764676344,922.0522919445236,14.832751905870538,61880,996,249,52.96073400002206
250,3.6981729086174475,920.769581329242,14.79269163446979,62140,1000,250,53.210390500025824
251,3.69269862444736,918.803706719637,14.77079449778944,62328,1004,251,53.47098530002404
252,3.6858889637449006,910.4897962687403,14.743555854979602,62564,1008,252,53.74967570003355
253,3.6697497257686544,904.7056466792927,14.678998903074618,62812,1012,253,54.0476931000012
254,3.671645135226961,909.9685412693105,14.686580540907844,63116,1016,254,54.318320900027175
255,3.66946894525246,909.4292014519566,14.67787578100984,63380,1020,255,54.58317719999468
256,3.6716539941801347,909.9707368433378,14.686615976720539,63716,1024,256,54.8378337000031
257,3.668952264199897,913.1947309016723,14.675809056799588,64008,1028,257,55.112056499987375
258,3.6610434434124683,910.3296594803575,14.644173773649873,64284,1032,258,55.378048399987165
259,3.6631805099754158,904.5813096061742,14.652722039901663,64520,1036,259,55.63298809999833
260,3.6570593900399038,902.7712322841362,14.628237560159615,64748,1040,260,55.896983599988744
261,3.6613952712038627,900.8526814210974,14.64558108481545,64948,1044,261,56.156245000020135
262,3.6500567259831564,894.7853345410138,14.600226903932626,65156,1048,262,56.42312430002494
263,3.6397667845360444,891.9657050756903,14.559067138144178,65416,1052,263,56.72120820003329
264,3.6234337726038732,888.2589076840352,14.493735090415493,65700,1056,264,57.031872000021394
265,3.615036023771647,889.7415193201236,14.460144095086587,66000,1060,265,57.32914809999056
266,3.5967468907030136,884.3593171263246,14.386987562812054,66228,1064,266,57.63159370003268
267,3.584115792742404,881.8387754551514,14.336463170969616,66484,1068,267,57.92038180003874
268,3.5889817527830354,881.5711097244207,14.355927011132142,66708,1072,268,58.17546649998985
269,3.584697202725282,881.6891976988795,14.338788810901129,66940,1076,269,58.452649599988945
270,3.5850846605899904,883.5404563527495,14.340338642359962,67204,1080,270,58.70654780004406
271,3.571672132392153,878.7771271044857,14.286688529568613,67480,1084,271,59.00569810002344
272,3.561717750471327,875.1649329729546,14.246871001885308,67728,1088,272,59.281739500002004
273,3.5653526076951008,878.3864628590868,14.261410430780403,67972,1092,273,59.55389550002292
274,3.574612425566988,880.0841694293907,14.298449702267952,68192,1096,274,59.831451900012325
275,3.5668134216302905,878.1640228275066,14.267253686521162,68436,1100,275,60.14456640003482
276,3.57396207290677,878.4652899201865,14.29584829162708,68656,1104,276,60.430365700041875
277,3.585934906544127,876.7244934775232,14.343739626176507,68860,1108,277,60.71428580000065
278,3.573367018858086,878.319028063812,14.293468075432344,69188,1112,278,61.05399960000068
279,3.5816425440452515,880.0607393939761,14.326570176181006,69392,1116,279,61.3494231000077
280,3.585054155058213,880.0210485110242,14.340216620232852,69596,1120,280,61.63108610000927
281,3.5906997417751803,871.7339617991336,14.362798967100721,69800,1124,281,61.907386900042184
282,3.5829373212574427,873.9442217075297,14.33174928502977,70080,1128,282,62.21889040002134
283,3.5791078969904886,875.0553593050215,14.316431587961954,70308,1132,283,62.52736090001417
284,3.5771338914072563,873.6967022931029,14.308535565629025,70528,1136,284,62.82093560002977
285,3.5642262625194876,869.671208054755,14.25690505007795,70740,1140,285,63.13984000001801
286,3.5646373656595225,869.1895356102035,14.25854946263809,70976,1144,286,63.436510600033216
287,3.5687454574981667,872.5218485883272,14.274981829992667,71228,1148,287,63.74794460000703
288,3.5608687787297857,868.2706156788465,14.243475114919143,71460,1152,288,64.03389260004042
289,3.5594126998042466,871.1117774704597,14.237650799216986,71740,1156,289,64.2816976000322
290,3.5565466271992445,872.4426624272432,14.226186508796978,71996,1160,290,64.54633949999698
291,3.5510533674301312,868.1963130982239,14.204213469720525,72196,1164,291,64.85994450002909
292,3.5325747804271557,863.96686058447,14.130299121708623,72476,1168,292,65.17512430000352
293,3.532076451377074,867.0166440237438,14.128305805508296,72720,1172,293,65.42486040003132
294,3.5361787713066946,870.0443115688471,14.144715085226778,72976,1176,294,65.71079939999618
295,3.5397144073168483,867.1577907230908,14.158857629267393,73172,1180,295,65.98931000003358
296,3.5448924162786035,872.1882238909152,14.179569665114414,73424,1184,296,66.24021479999647
297,3.5552156479119934,874.1477168580346,14.220862591647974,73672,1188,297,66.49764180002967
298,3.5514327882346217,869.7386420166421,14.205731152938487,73880,1192,298,66.75798230001237
299,3.5497560430251096,867.2995785121758,14.199024172100438,74112,1196,299,67.01415599999018
300,3.5463405897761464,873.9920196354439,14.185362359104586,74404,1200,300,67.28804509999463
301,3.567135087562026,877.3696341897457,14.268540350248104,74616,1204,301,67.48618940002052
302,3.6039156381515243,887.8871343625551,14.415662552606097,74884,1208,302,67.64401580003323
303,3.631792187021976,892.3832230968284,14.527168748087904,75156,1212,303,67.81028229999356
304,3.6566476238099574,893.7145294438378,14.62659049523983,75356,1216,304,67.98342930001672
305,3.6794698751894117,894.4866357807402,14.717879500757647,75628,1220,305,68.15496950002853
306,3.7103177447124245,895.6252711113991,14.841270978849698,75836,1224,306,68.31847260001814
307,3.7400453255214323,896.6949486576691,14.96018130208573,76032,1228,307,68.47949390002759
308,3.758370985181422,899.8613958805804,15.033483940725688,76252,1232,308,68.67055149999214
309,3.7873470192892493,904.9440592211946,15.149388077156997,76456,1236,309,68.8347999000107
310,3.812350090996381,911.8518993158691,15.249400363985524,76668,1240,310,69.00920940004289
311,3.841976495871292,925.8379278213921,15.367905983485167,76964,1244,311,69.17697640002007
312,3.88703082646383,933.8393242680042,15.54812330585532,77188,1248,312,69.32723120000446
313,3.93066669739317,948.4939393872825,15.72266678957268,77524,1252,313,69.49795059999451
314,3.969561274528744,950.4263851585963,15.878245098114975,77732,1256,314,69.67308149999008
315,4.016019426128445,964.5003389118275,16.06407770451378,77996,1260,315,69.83272990002297
316,4.036174070078588,970.3291948066483,16.144696280314353,78264,1264,316,70.06059160002042
317,4.052188985458289,980.7951299497003,16.208755941833157,78568,1268,317,70.26769619999686
318,4.07537490724307,992.7280590378222,16.30149962897228,78876,1272,318,70.47608330001822
319,4.101407896166499,997.0606297782721,16.405631584665997,79116,1276,319,70.6536647999892
320,4.147432841074355,1004.1865964593093,16.58973136429742,79344,1280,320,70.820235399995
321,1.4245932871190181,344.693428818022,5.6983731484760725,79584,1284,321,93.67752140003722
322,1.4273604318458055,346.41163786755754,5.709441727383222,79864,1288,322,93.8829962000018
323,1.432389887686553,347.7491857942701,5.729559550746212,80088,1292,323,94.04001510003582
324,1.4386666193507143,349.0381381804345,5.754666477402857,80324,1296,324,94.20388169999933
325,1.4441384835688027,352.36978999078787,5.776553934275211,80612,1300,325,94.36062970000785
326,1.4499096817230883,354.60648215856105,5.799638726892353,80844,1304,326,94.50949430000037
327,1.4579365966743179,353.2372097085204,5.831746386697271,81060,1308,327,94.66314290004084
328,1.4641465441682706,355.21987994025307,5.8565861766730825,81280,1312,328,94.81601850001607
329,1.4685728526507238,360.84932950846354,5.874291410602895,81636,1316,329,94.9968125000014
330,1.473218948045066,362.5922553759897,5.892875792180264,81860,1320,330,95.16788770002313
331,1.4785279035131202,363.1747315649779,5.914111614052481,82116,1324,331,95.35996259999229
332,1.4851856309877625,365.4162850446625,5.94074252395105,82364,1328,332,95.51986970001599
333,1.4914541306754274,369.0283649042629,5.96581652270171,82652,1332,333,95.6747786999913
334,1.4989514375831776,371.98468328594777,5.9958057503327105,82900,1336,334,95.82935800001724
335,1.505462907047002,372.98611615409396,6.021851628188008,83116,1340,335,95.98463900003117
336,1.512959931403551,373.4849659236194,6.051839725614204,83324,1344,336,96.13479040004313
337,1.517033330734285,376.9673027555235,6.06813332293714,83636,1348,337,96.33377620001556
338,1.5213045286938285,376.9109587416955,6.085218114775314,83880,1352,338,96.49089640000602
339,1.5257723295262864,378.39153772251905,6.1030893181051455,84148,1356,339,96.66122260002885
340,1.5328234144944433,379.5145645846242,6.131293657977773,84328,1360,340,96.8270971000311
341,1.5409547984866714,379.76673768418453,6.1638191939466855,84552,1364,341,96.97359110001707
342,1.5445964281448006,380.28594508446685,6.178385712579202,84784,1368,342,97.1483573000296
343,1.5499394949487155,384.1319434011674,6.199757979794862,85120,1372,343,97.3249366999953
344,1.5558060452691942,387.2369495531243,6.223224181076777,85368,1376,344,97.4842384000076
345,1.5602352011878258,388.339357422178,6.240940804751303,85620,1380,345,97.64573620003648
346,1.565549106572923,389.4063777736895,6.262196426291692,85860,1384,346,97.79656420001993
347,1.57119187755555,390.93819124810744,6.2847675102222,86072,1388,347,97.94449790002545
348,1.5748937762252948,392.7592233770021,6.299575104901179,86332,1392,348,98.12736550002592
349,1.5782345048140807,391.7886636032342,6.312938019256323,86568,1396,349,98.33539570000721
350,1.5778778028496498,392.08653321423134,6.311511211398599,86792,1400,350,98.54055870004231
351,1.578040361332524,390.19463301846656,6.312161445330096,87000,1404,351,98.69518610002706
352,1.5776189471805688,389.832861478823,6.310475788722275,87264,1408,352,98.86974699998973
353,1.5781363571977527,390.60485183866007,6.312545428791011,87484,1412,353,99.03271080000559
354,1.5784184761631515,392.0920345277118,6.313673904652606,87800,1416,354,99.19870140001876
355,1.5776982398211492,393.58741395048423,6.310792959284597,88060,1420,355,99.37637630000245
356,1.5771681414923615,393.7126674843789,6.308672565969446,88264,1424,356,99.54783640004462
357,1.578808304407615,395.9264580522607,6.31523321763046,88540,1428,357,99.70661829999881
358,1.5784425414672036,398.92719252101733,6.313770165868815,88840,1432,358,99.87805850000586
359,1.5792606998533243,401.97019282797265,6.317042799413297,89140,1436,359,100.03638559998944
360,1.579221279346797,402.0890751251151,6.316885117387188,89440,1440,360,100.20492710004328
361,1.5776038464176254,403.73780069544944,6.310415385670502,89728,1444,361,100.38699319999432
362,1.5778618536981186,401.48533861037026,6.311447414792474,89992,1448,362,100.55263380001998
363,1.5785885303219702,402.9588844340246,6.314354121287881,90240,1452,363,100.71346920001088
364,1.5757820640143232,402.62839676447607,6.303128256057293,90516,1456,364,100.92840050003724
365,1.5774697503025987,402.02943350569086,6.309879001210395,90752,1460,365,101.12299390003318
366,1.5777669072860565,401.58997689125914,6.311067629144226,91040,1464,366,101.32424819999142
367,1.5813246973201467,400.4301396805792,6.325298789280587,91284,1468,367,101.4627618000377
368,1.582974273039449,401.10629742975095,6.331897092157796,91532,1472,368,101.6080529000028
369,1.583439369910129,400.9656265682629,6.333757479640516,91752,1476,369,101.76553140004398
370,5.935800513713912,1507.4510529113454,23.743202054855647,92028,1480,370,101.93251579999924
371,5.959240159429851,1519.2413892162797,23.836960637719404,92356,1484,371,102.1055209999904
372,5.938947546495186,1518.43132372432,23.755790185980743,92616,1488,372,102.29063520004274
373,5.936949643239741,1512.1047254618768,23.747798572958963,92804,1492,373,102.45727830001852
374,5.9356716617168015,1508.8719636396834,23.742686646867206,93068,1496,374,102.6158032999956
375,5.892593603888527,1497.9213455109286,23.57037441555411,93300,1500,375,102.82501770003
376,5.901320621622406,1502.5484913339008,23.605282486489624,93536,1504,376,102.96636910003144
377,5.902253526162428,1508.0860030112979,23.609014104649713,93800,1508,377,103.11793230002513
378,5.92945459230597,1500.9990767951685,23.71781836922388,94040,1512,378,103.26064170000609
379,5.919185266927639,1498.399470427968,23.676741067710555,94264,1516,379,103.446054
380,5.932457063420105,1502.727695330007,23.72982825368042,94528,1520,380,103.61960939998971
381,5.895925673517095,1496.3618709358896,23.58370269406838,94800,1524,381,103.83069360000081
382,5.8667813905567945,1497.5857476139672,23.467125562227178,95160,1528,382,104.02688810002292
383,5.8530372347821755,1498.8553310621783,23.412148939128702,95448,1532,383,104.20107990002725
384,5.802237416184223,1483.4781704072643,23.208949664736892,95644,1536,384,104.42965710000135
385,5.742963764760563,1471.6051638843599,22.97185505904225,95880,1540,385,104.66697030002251
386,5.72425613348561,1460.736708022532,22.89702453394244,96140,1544,386,104.89384040003642
387,5.645499239796686,1438.3349491759554,22.581996959186743,96364,1548,387,105.17037680000067
388,5.5443004371097215,1422.5090835784372,22.177201748438886,96720,1552,388,105.49912749999203
389,5.517050049105674,1418.2196411945934,22.068200196422698,96924,1556,389,105.70865510002477
390,5.503020119209173,1417.3084470289748,22.01208047683669,97172,1560,390,105.87779260001844
391,5.495551732197193,1423.0114362881222,21.982206928788774,97472,1564,391,106.06465950002894
392,5.490202414447085,1423.8671894447664,21.96080965778834,97828,1568,392,106.24992640002165
393,5.471258535402197,1419.8474191055986,21.885034141608788,98084,1572,393,106.44013030000497
394,5.462807794264194,1414.9787045877786,21.851231177056775,98312,1576,394,106.6154824999976
395,5.459875386940456,1410.6535183401259,21.839501547761824,98520,1580,395,106.77112799999304
396,5.449328859555875,1409.2631695569805,21.7973154382235,98744,1584,396,106.93643090000842
397,5.450781826211365,1406.0792302716666,21.80312730484546,98972,1588,397,107.11690160003491
398,5.481428617796024,1408.1678253227828,21.925714471184097,99156,1592,398,107.2746711000218
399,5.4967772451123205,1412.1108563566102,21.987108980449282,99380,1596,399,107.45487300003879
400,5.484206771612398,1408.8815273685075,21.936827086449593,99588,1600,400,107.62993310001912
401,5.4882755816715525,1414.855043830103,21.95310232668621,99896,1604,401,107.79787010001019
402,5.489921182536684,1417.5200571725331,21.959684730146737,100136,1608,402,107.95815770002082
403,5.495006995550149,1412.5532268561158,21.980027982200596,100396,1612,403,108.11588749999646
404,5.50805241292455,1410.511054640352,22.0322096516982,100608,1616,404,108.2724426999921
405,5.508463005864567,1409.2671886024127,22.03385202345827,100800,1620,405,108.44323969999095
406,5.506706511087987,1411.964502149173,22.02682604435195,101104,1624,406,108.60485900001368
407,5.511881642655792,1405.6423062576896,22.04752657062317,101336,1628,407,108.76794460002566
408,5.504088953955561,1394.6687439247396,22.016355815822244,101556,1632,408,108.93885800003773
409,5.498089178389584,1381.927884102982,21.992356713558337,101756,1636,409,109.1171143000247
410,5.498592876422288,1374.872651467875,21.994371505689152,101980,1640,410,109.29836399998749
411,5.492882267114179,1368.0639834257436,21.971529068456714,102196,1644,411,109.47326920001069
412,5.491332553535616,1364.0918335027657,21.965330214142465,102412,1648,412,109.63662210002076
413,5.509710330365626,1361.0108946682763,22.038841321462503,102620,1652,413,109.82179000001634
414,5.508181448056054,1365.1297041876064,22.032725792224216,102896,1656,414,110.01885190000758
415,5.538779897418238,1363.6702180092577,22.155119589672953,103104,1660,415,110.17096190003213
416,5.508413342584247,1363.3885105890154,22.03365337033699,103412,1664,416,110.35824530001264
417,5.492941071861455,1365.836612644081,21.97176428744582,103716,1668,417,110.52859280002303
418,5.489263979915009,1366.7147052033288,21.957055919660036,103952,1672,418,110.69204689998878
419,5.5033847163825556,1364.8394096628738,22.013538865530222,104180,1676,419,110.8361273999908
420,5.5124883961997755,1359.8971374135283,22.049953584799102,104444,1680,420,110.99442860001
421,5.512323688359989,1361.2064618195075,22.049294753439955,104716,1684,421,111.17980839998927
422,5.50850790171066,1365.660285509818,22.03403160684264,104952,1688,422,111.35260909999488
423,5.501839511971168,1361.3122906762949,22.007358047884672,105192,1692,423,111.52191549999407
424,5.5171528563704975,1364.2004899547949,22.06861142548199,105416,1696,424,111.70641020004405
425,5.497508534748297,1366.9723262729235,21.990034138993188,105720,1700,425,111.87949760002084
426,5.494442959659387,1362.1733280396375,21.977771838637548,105948,1704,426,112.03603379998822
427,5.479019431281668,1364.6112885583975,21.916077725126673,106244,1708,427,112.20384780003224
428,5.49206504199331,1373.6887582585716,21.96826016797324,106520,1712,428,112.36801680002827
429,5.489711446058674,1369.5149534004333,21.958845784234697,106752,1716,429,112.54539730004035
430,5.506247545776665,1367.796839330481,22.02499018310666,106972,1720,430,112.72967600001721
431,5.518035603635834,1359.013340095454,22.072142414543336,107228,1724,431,112.90685980004491
432,5.481983606323134,1339.8415442719563,21.927934425292538,107424,1728,432,113.13945030001923
433,5.4854385897956215,1355.0152794058408,21.941754359182486,107748,1732,433,113.3623977000243
434,5.508889453194106,1367.1039949151088,22.035557812776425,108040,1736,434,113.56168500002241
435,5.523227765311525,1367.5061071175392,22.0929110612461,108272,1740,435,113.76546439999947
436,5.579547737318166,1383.2723655702262,22.318190949272665,108512,1744,436,113.95245060004527
437,5.6602260340505115,1385.7157449891822,22.640904136202046,108716,1748,437,114.15602560003754
438,5.676011458858643,1398.8472321872853,22.704045835434574,109000,1752,438,114.34147770004347
439,5.6548907644084885,1389.949068704813,22.619563057633954,109216,1756,439,114.5428583000321
440,5.660600055260718,1383.0347726853329,22.642400221042873,109444,1760,440,114.72098560002632
441,5.631717834831251,1370.00156308548,22.526871339325005,109748,1764,441,114.9506464000442
442,5.621072727129694,1360.9878945850346,22.484290908518776,109948,1768,442,115.1573275999981
443,5.616276225215553,1354.7833669805682,22.46510490086221,110132,1772,443,115.34012460004305
444,5.5967622570369455,1353.7311483755486,22.387049028147782,110372,1776,444,115.52618990000337
445,5.573255570729623,1352.1400454047707,22.293022282918493,110632,1780,445,115.72841959999641
446,5.540609854719956,1343.315205593328,22.162439418879824,110852,1784,446,115.96069340000395
447,5.51057873671254,1341.4323096225955,22.04231494685016,111084,1788,447,116.1666591000394
448,5.514063726471047,1354.8842299328858,22.056254905884188,111420,1792,448,116.34124109998811
449,5.502758645196671,1360.1920961351445,22.011034580786685,111700,1796,449,116.53455770004075
450,5.508196556181305,1356.1404745667605,22.03278622472522,111960,1800,450,116.69370370003162
451,5.493293311083914,1353.8165311152927,21.973173244335655,112212,1804,451,116.87812559999293
452,5.493050433608884,1351.9630250882276,21.972201734435536,112456,1808,452,117.03624980000313
453,5.485411447496606,1348.7395330497777,21.941645789986424,112656,1812,453,117.20522750000237
454,5.490746937209444,1363.498137387031,21.962987748837776,112968,1816,454,117.3673443000298
455,5.476950082311083,1350.6829549927986,21.90780032924433,113188,1820,455,117.55144410004141
456,5.475291996208447,1355.6376020000178,21.901167984833787,113468,1824,456,117.71723900001962
457,5.484608414711529,1362.4215025279334,21.938433658846115,113728,1828,457,117.87295069999527
458,5.46555624855608,1362.5966353543076,21.86222499422432,113972,1832,458,118.0823500000406
459,5.470699730496684,1363.4323491597042,21.882798921986737,114192,1836,459,118.25517070002388
460,5.462796831807457,1365.0302940540919,21.851187327229827,114440,1840,460,118.44303349999245
461,5.468873049644062,1370.120113416949,21.875492198576246,114688,1844,461,118.59642050002003
462,5.48280850846157,1376.7444058798194,21.93123403384628,114924,1848,462,118.7588156000129
463,5.505254445154233,1382.8300349175165,22.021017780616933,115204,1852,463,118.9194396000239
464,5.492838241321215,1390.9211611900741,21.97135296528486,115512,1856,464,119.09166880004341
465,5.512211015452644,1389.0771758940662,22.048844061810577,115760,1860,465,119.24760020000394
466,5.519298333644379,1380.9509708261241,22.077193334577515,115976,1864,466,119.40653290000046
467,5.511647720108766,1380.3865473709138,22.046590880435065,116224,1868,467,119.58231030002935
468,5.49292758668317,1385.5629586000814,21.97171034673268,116540,1872,468,119.75668920000317
469,5.487877273498657,1378.4651731065605,21.951509093994627,116752,1876,469,119.923199700017
470,5.483335427423953,1367.9243319353143,21.933341709695814,116940,1880,470,120.11597520002397
471,5.485920686817484,1365.434463192368,21.943682747269936,117148,1884,471,120.28456470003584
472,5.5039842218523605,1369.9304401981915,22.015936887409442,117388,1888,472,120.42455729999347
473,5.518754473463067,1374.5077468192505,22.07501789385227,117620,1892,473,120.58522519998951
474,5.5306645551778075,1365.7355330132953,22.12265822071123,117820,1896,474,120.73919240001123
475,5.5364548490720225,1368.9732030889106,22.14581939628809,118064,1900,475,120.88646270002937
476,5.5313686115467755,1369.5217141894998,22.125474446187102,118376,1904,476,121.06241489999229
477,5.540399798213646,1364.069044196927,22.161599192854585,118584,1908,477,121.21214389998931
478,5.542263109870569,1377.6482587392557,22.169052439482275,118932,1912,478,121.38655100000324
479,5.549322760083277,1384.3861514134283,22.19729104033311,119196,1916,479,121.55958230001852
480,5.548682361218235,1381.5086695278055,22.19472944487294,119428,1920,480,121.73778520000633
481,5.586764921988124,1395.5510743905027,22.347059687952495,119664,1924,481,121.91017909999937
482,5.629884326785533,1396.6708954368355,22.519537307142134,119904,1928,482,122.06595130002825
483,5.664248240756905,1399.6472999813186,22.65699296302762,120148,1932,483,122.2124358000001
484,5.704754084741173,1406.3965172178239,22.81901633896469,120352,1936,484,122.35479170002509
485,5.708895584815705,1412.0778466931908,22.83558233926282,120632,1940,485,122.53554680000525
486,5.739728340305193,1424.8582761524974,22.958913361220773,120880,1944,486,122.69301500002621
487,5.749561267411253,1424.0137865572033,22.998245069645012,121136,1948,487,122.86386710003717
488,5.767394505982385,1434.5511069165982,23.06957802392954,121404,1952,488,123.03889580001123
489,5.794063173472631,1441.1845297609066,23.176252693890525,121632,1956,489,123.17791790002957
490,5.821524232841388,1455.1434449763535,23.286096931365552,121996,1960,490,123.36768600001233
491,5.8381635101017935,1477.8893914143398,23.352654040407174,122352,1964,491,123.5503779000137
492,5.858634474025138,1485.941004962947,23.43453789610055,122560,1968,492,123.70384830003604
493,5.882365369704462,1490.0391626279954,23.529461478817847,122784,1972,493,123.85617230000207
494,5.885232324644819,1498.9326410523947,23.540929298579275,123112,1976,494,124.05434410000453
495,5.916340863424782,1517.4810606433198,23.66536345369913,123420,1980,495,124.24283960001776
496,5.947975028895551,1528.0226461987183,23.791900115582205,123672,1984,496,124.4047569000395
497,5.959259727610457,1517.3004971768992,23.837038910441827,123896,1988,497,124.56373890000395
498,5.939566006832395,1506.4678843451634,23.75826402732958,124128,1992,498,124.78431870002532
499,5.909568526126617,1495.965061185195,23.63827410450647,124364,1996,499,124.98534120002296
500,5.895884456052127,1491.0571465183257,23.58353782420851,124604,2000,500,125.1890076000127
501,5.871646596270697,1479.1756241707242,23.486586385082788,124800,2004,501,125.38143870001659
502,5.860708283071912,1479.7690383299123,23.44283313228765,125028,2008,502,125.56599170004483
503,5.864949671140446,1471.264517503232,23.459798684561783,125260,2012,503,125.72206220001681
504,5.886359835094772,1474.7133333800696,23.545439340379087,125464,2016,504,125.87577380001312
505,5.889470433346839,1465.8771715326131,23.557881733387354,125664,2020,505,126.03717210004106
506,5.850333706605894,1481.9253462529052,23.401334826423575,126140,2024,506,126.2485413000104
507,5.888262197550606,1485.2840971780713,23.553048790202425,126332,2028,507,126.403990300023
508,5.893200391733056,1487.0108090487247,23.572801566932224,126556,2032,508,126.56983789999504
509,5.897910609763341,1496.3841775628134,23.591642439053363,126872,2036,509,126.75106040004175
510,5.898863598362986,1496.1444244990855,23.595454393451945,127116,2040,510,126.9031052000355
511,5.897259982582,1488.9979694796837,23.589039930328,127296,2044,511,127.06775909999851
512,5.901910796607966,1482.9454230170875,23.607643186431865,127516,2048,512,127.22183550003683
513,5.918301400179601,1483.198799881745,23.673205600718404,127792,2052,513,127.37107140000444
514,5.917128680703664,1483.3879329339552,23.668514722814656,128044,2056,514,127.52864370000316
515,5.911582844151258,1482.480203855728,23.646331376605033,128264,2060,515,127.6953451000154
516,5.936213783743288,1488.6570402987247,23.74485513497315,128512,2064,516,127.8367300000391
517,5.957902723876318,1480.4780319575111,23.83161089550527,128716,2068,517,127.98105980001856
518,5.950370100259811,1487.8353973139428,23.801480401039242,129004,2072,518,128.15798160003033
519,5.944783516177079,1488.3796770706206,23.779134064708316,129208,2076,519,128.35849569999846
520,5.953653119061147,1488.6562860150443,23.814612476244587,129400,2080,520,128.51480569998967
521,5.920110310244812,1478.819391783602,23.68044124097925,129628,2084,521,128.7014301000163
522,5.9079835896124235,1471.44962709449,23.631934358449694,129824,2088,522,128.8790871000383
523,5.8896236922281675,1474.5694582909216,23.55849476891267,130088,2092,523,129.05890900001395
524,5.822470613328388,1458.2318238115506,23.289882453313552,130336,2096,524,129.30213419999927
525,5.818305826875881,1446.7395549929743,23.273223307503525,130560,2100,525,129.48411040002247
526,5.7691195981935435,1442.5153738176998,23.076478392774174,130836,2104,526,129.70564090000698
527,5.767076150651084,1430.2348853614687,23.068304602604336,131084,2108,527,129.8830575000029
528,5.750964190227743,1428.1169850345136,23.00385676091097,131364,2112,528,130.07989270001417
529,5.7436036123818175,1424.8825614717016,22.97441444952727,131584,2116,529,130.2690146000241
530,5.753622037169032,1424.5498480598917,23.01448814867613,131796,2120,530,130.42655360000208
531,5.7362922049544025,1419.7908543201427,22.94516881981761,132032,2124,531,130.608054500015
532,5.704243252678109,1407.6675390078303,22.816973010712434,132240,2128,532,130.8025323000038
533,5.6915265772002686,1417.538578533716,22.766106308801074,132556,2132,533,130.96408120001433
534,5.703248614638659,1413.9400851149069,22.812994458554638,132780,2136,534,131.12714140000753
535,5.704914087256639,1410.6273281877843,22.819656349026555,132996,2140,535,131.28210140002193
536,5.714008443289675,1418.4734429423593,22.8560337731587,133300,2144,536,131.43928320001578
537,5.672811475338439,1407.783419186029,22.691245901353756,133564,2148,537,131.67658810003195
538,5.62477717560558,1395.4039050339068,22.49910870242232,133788,2152,538,131.8893741000211
539,5.585301210665297,1372.8442404337313,22.341204842661188,134040,2156,539,132.14071330003208
540,5.5626733808753555,1349.5726765682903,22.250693523501422,134240,2160,540,132.35909209999954
541,5.554955469218373,1348.1536824478549,22.219821876873493,134452,2164,541,132.52480110002216
542,5.500686581099365,1330.4925991671362,22.00274632439746,134636,2168,542,132.76415120001184
543,5.478081018386091,1319.2113472848137,21.912324073544365,134912,2172,543,132.99908219999634
544,5.438304779618675,1299.4218848933765,21.7532191184747,135128,2176,544,133.25300030002836
545,5.348830240849544,1273.6765561271936,21.395320963398177,135340,2180,545,133.56563840003219
546,5.306927506118472,1266.2978857456567,21.22771002447389,135588,2184,546,133.7969534000149
547,5.338283018412814,1272.472360307381,21.353132073651256,135808,2188,547,133.96330000000307
548,5.348871521297718,1273.2497433554404,21.39548608519087,136028,2192,548,134.14615200000117
549,5.346801511705714,1275.8123117319024,21.387206046822858,136296,2196,549,134.35336499998812
550,5.312076067210962,1271.4291452295952,21.24830426884385,136528,2200,550,134.6057041999884
551,5.311126264343512,1274.2367421147414,21.24450505737405,136784,2204,551,134.79190680000465
552,5.3068473850947155,1284.9068852400756,21.227389540378862,137124,2208,552,134.95541610004148
553,5.302447206002965,1284.2743559355752,21.20978882401186,137332,2212,553,135.11678989999928
554,5.281389637527135,1283.0543315331229,21.12555855010854,137568,2216,554,135.31503330002306
555,5.312193319088268,1268.4216700680151,21.248773276353074,137840,2220,555,135.4726032000035
556,5.292254779731375,1278.7815631024384,21.1690191189255,138172,2224,556,135.6628038000199
557,5.305712214199663,1283.3326767896817,21.222848856798652,138408,2228,557,135.80516730004456
558,5.327801697920965,1282.1517882017147,21.31120679168386,138664,2232,558,135.94809940003324
559,5.327573986680915,1285.1413167871106,21.31029594672366,138936,2236,559,136.10053729999345
560,5.327416204774499,1291.6266227085928,21.309664819097996,139176,2240,560,136.26546359999338
561,5.326167485858282,1298.2804990018637,21.30466994343313,139460,2244,561,136.42169640003704
562,5.31489863271167,1289.893357963412,21.25959453084668,139684,2248,562,136.59043820004445
563,5.3101796208199,1286.5806624157929,21.2407184832796,139916,2252,563,136.7562035000301
564,5.305434112538628,1283.2654102409758,21.221736450154513,140116,2256,564,136.9311586000258
565,5.2896846119652245,1278.592337635023,21.158738447860898,140356,2260,565,137.100042200007
566,5.277679279050807,1286.8920821652866,21.11071711620323,140664,2264,566,137.26544360001571
567,5.2739994475207,1280.3979066878828,21.0959977900828,140900,2268,567,137.44884339999408
568,5.276566892422336,1288.343802060017,21.106267569689344,141172,2272,568,137.6448367999983
569,5.278589917549607,1298.3176670675075,21.11435967019843,141452,2276,569,137.7975878000143
570,5.272789599244213,1309.3735478286444,21.09115839697685,141796,2280,570,137.9944237000309
571,5.2821664316473775,1321.61960106116,21.12866572658951,142084,2284,571,138.15558389999205
572,5.297551923419971,1325.0366606823504,21.190207693679884,142344,2288,572,138.3084644000046
573,5.355036282664465,1338.5404977566197,21.42014513065786,142584,2292,573,138.4523990000016
574,5.367873400411865,1340.4346719885627,21.47149360164746,142796,2296,574,138.61249259999022
575,5.4133962710049435,1346.0575544066169,21.653585084019774,143020,2300,575,138.75725980004063
576,5.42217412935872,1348.2401957572783,21.68869651743488,143268,2304,576,138.92002290004166
577,5.448325892338395,1346.2924470292508,21.79330356935358,143472,2308,577,139.07348100002855
578,5.469250045711518,1360.3922358598363,21.87700018284607,143772,2312,578,139.22819540003547
579,5.478057133476518,1365.7131825010028,21.91222853390607,144012,2316,579,139.37133069999982
580,5.503487818556342,1368.009829184005,22.013951274225366,144212,2320,580,139.51149930001702
581,5.514814084926665,1380.7293713036802,22.05925633970666,144508,2324,581,139.68769130000146
582,5.512038573462598,1380.484436194551,22.04815429385039,144828,2328,582,139.85371420002775
583,5.518234335270012,1381.5856903080105,22.07293734108005,145048,2332,583,140.00679330003913
584,5.516029948899402,1388.238394486274,22.06411979559761,145328,2336,584,140.16530190000776
585,5.515395782705579,1377.7233547003325,22.061583130822317,145540,2340,585,140.32350510003744
586,5.5639868250338775,1389.8611987431564,22.25594730013551,145804,2344,586,140.4832229000167
587,5.55423286727012,1394.225801375969,22.21693146908048,146088,2348,587,140.71147450001445
588,5.584707093417463,1404.1549263449622,22.338828373669852,146360,2352,588,140.9146738999989
589,5.577644799616529,1405.5664895033653,22.310579198466115,146588,2356,589,141.14416210004129
590,5.5595455695507425,1408.7207712559596,22.23818227820297,146868,2360,590,141.33847110002534
591,5.617185892583908,1427.911581184187,22.468743570335633,147092,2364,591,141.487380400009
592,5.662871333223728,1433.0531537137597,22.65148533289491,147312,2368,592,141.65193640004145
593,5.71280391620712,1461.5450998688257,22.85121566482848,147664,2372,593,141.83022450003773
594,5.8193816429637435,1489.2866490360275,23.277526571854974,147880,2376,594,141.98577700002352
595,5.877090511079521,1503.0958833642562,23.508362044318083,148120,2380,595,142.1344122000155
596,5.88638451391914,1513.641732150636,23.54553805567656,148408,2384,596,142.28759480000008
597,5.905193919321369,1522.3348895687252,23.620775677285476,148660,2388,597,142.44393200002378
598,5.910906807642879,1518.9824188130435,23.643627230571514,148888,2392,598,142.64312520000385
599,5.983681523550057,1533.287861422337,23.93472609420023,149084,2396,599,142.7946426999988
600,6.010683929362937,1531.3750647789163,24.042735717451748,149268,2400,600,142.94405729998834
601,6.021530239445105,1524.7989226741809,24.08612095778042,149532,2404,601,143.0928825000301
602,6.01837848202996,1540.2135951970552,24.07351392811984,149872,2408,602,143.2585178000154
603,6.047933675962965,1554.1955275046053,24.19173470385186,150160,2412,603,143.41697399999248
604,6.044965711850799,1557.8740205969773,24.179862847403196,150468,2416,604,143.57852179999463
605,6.071258585054606,1548.7904553710728,24.285034340218424,150672,2420,605,143.7336179999984
606,6.056567225470092,1545.0426595586969,24.226268901880367,150908,2424,606,143.89555880002445
607,6.05866271739199,1544.0934696896159,24.23465086956796,151152,2428,607,144.03569270001026
608,6.037658700929936,1553.5265490066251,24.150634803719743,151544,2432,608,144.2162660000031
609,6.039963579264913,1560.0363073301373,24.15985431705965,151832,2436,609,144.37809529999504
610,6.039090986685187,1554.3880719198687,24.156363946740747,152072,2440,610,144.53550030000042
611,6.018570311006138,1548.1236775494156,24.07428124402455,152288,2444,611,144.73190660000546
612,6.023398814662701,1553.2993351444468,24.093595258650804,152552,2448,612,144.89114550000522
613,6.025538692397163,1557.7862072507603,24.10215476958865,152784,2452,613,145.06321160000516
614,6.045958464326365,1563.5588910192591,24.18383385730546,153028,2456,614,145.20462979999138
615,6.058839742094748,1554.5251681145955,24.235358968378993,153236,2460,615,145.35280059999786
616,6.07449799044306,1565.980788066872,24.29799196177224,153532,2464,616,145.5153536000289
617,6.076141141456984,1566.4043856915227,24.304564565827935,153804,2468,617,145.70916560001206
618,6.057809128561009,1557.7223473442593,24.231236514244035,154052,2472,618,145.88632069999585
619,6.069758295181662,1551.3806712011253,24.27903318072665,154320,2476,619,146.06723280000733
620,6.0523746065284305,1538.0442571528984,24.209498426113722,154536,2480,620,146.2515798000386
621,6.035210700176162,1541.565247416425,24.140842800704647,154860,2484,621,146.42748499999288
622,6.022946738718476,1534.4993282890093,24.091786954873903,155068,2488,622,146.58795160002774
623,6.012434819524571,1535.7476367585618,24.049739278098283,155312,2492,623,146.76226909999968
624,5.989557243646573,1540.6608061004367,23.95822897458629,155624,2496,624,146.93816499999957
625,5.98719651469103,1538.5873165916216,23.94878605876412,155860,2500,625,147.10415379999904
626,5.991395915287095,1539.6664768427572,23.96558366114838,156064,2504,626,147.25187560002087
627,5.994228927685223,1534.5226054874172,23.976915710740894,156316,2508,627,147.40272469999036
628,5.976076108650145,1530.8511697097267,23.90430443460058,156564,2512,628,147.5706908000284
629,5.948719873722208,1528.213995314595,23.794879494888832,156800,2516,629,147.7485656000208
630,5.961881506036926,1519.9147708859855,23.847526024147705,157000,2520,630,147.90657320001628
631,5.970809589279408,1507.0810816368923,23.883238357117634,157196,2524,631,148.0603065000032
632,5.9596213276065,1505.2300724583276,23.838485310426,157424,2528,632,148.2287922000396
633,5.9497480154279065,1493.993869016836,23.798992061711626,157632,2532,633,148.4009447999997
634,5.939906859359206,1491.522734643993,23.759627437436823,157844,2536,634,148.57279270002618
635,5.922627447711497,1490.0847178650477,23.690509790845987,158132,2540,635,148.75657800002955
636,5.975250512390782,1496.9831691859029,23.90100204956313,158364,2544,636,148.91196749999654
637,6.003239887305371,1506.935726813389,24.012959549221485,158660,2548,637,149.07693310000468
638,6.051679066783625,1523.5410809763835,24.2067162671345,158924,2552,638,149.24108850001357
639,6.079836391352147,1525.6666993482859,24.31934556540859,159164,2556,639,149.39789850002853
640,6.057700087854609,1522.5843731023951,24.230800351418434,159408,2560,640,149.57625889999326
641,2.003102102028264,503.63709993853496,8.012408408113057,159632,2564,641,166.11399450001772
642,2.005367829457444,499.13196016455083,8.021471317829777,159860,2568,642,166.26464460004354
643,2.0025157728278504,498.7490304406344,8.010063091311402,160084,2572,643,166.45499749999726
644,1.9986464758155664,498.1116482175448,7.994585903262266,160332,2576,644,166.6510041000438
645,1.9928394188743657,496.6643874141582,7.971357675497463,160620,2580,645,166.87562710000202
646,1.9932423227573208,493.99866872581435,7.972969291029283,160804,2584,646,167.0269942000159
647,1.997348808867224,494.6903090696455,7.989395235468896,161024,2588,647,167.1756454000133
648,1.99601481385168,496.3151937136504,7.98405925540672,161268,2592,648,167.34355869999854
649,1.996140564060031,499.2795663901988,7.984562256240124,161524,2596,649,167.49142680002842
650,1.9951325443499228,496.7472865524297,7.980530177399691,161732,2600,650,167.65265430003637
651,1.9937038344632656,491.8345296120807,7.974815337853062,161960,2604,651,167.8358894000412
652,1.9914690991122823,488.84470049229657,7.965876396449129,162188,2608,652,168.02192520000972
653,1.9910278838674187,487.76119832539786,7.964111535469675,162472,2612,653,168.18892550002784
654,1.9907364855987677,487.852320797347,7.962945942395071,162680,2616,654,168.34762409998802
655,1.9913866188826992,489.474702812719,7.965546475530797,162952,2620,655,168.5015291000018
656,1.9893074884895312,491.56194021696416,7.957229953958125,163260,2624,656,168.66737999999896
657,1.9913973018330464,484.437874241835,7.965589207332186,163464,2628,657,168.82210430002306
658,1.989364621257684,483.4562022436021,7.957458485030736,163740,2632,658,169.00907520001056
659,1.989541621220031,483.4992168466965,7.958166484880124,163980,2636,659,169.1642889000359
660,1.9918027641778837,484.3739130192584,7.967211056711535,164204,2640,660,169.3327360000112
661,1.9920903443031313,483.142890850988,7.968361377212525,164436,2644,661,169.48842350003542
662,1.9929357261402514,485.6255626554,7.9717429045610055,164724,2648,662,169.65005570003996
663,1.992232853312673,485.61692244829726,7.968931413250692,164972,2652,663,169.80014830001164
664,1.9889714052225107,485.3090228742926,7.955885620890043,165192,2656,664,169.98865000001388
665,1.9877592567992706,484.2019283501243,7.951037027197082,165468,2660,665,170.16622610000195
666,1.990575122408737,484.5628583692125,7.962300489634948,165732,2664,666,170.3251670000027
667,1.9916865135182185,483.8578827943035,7.966746054072874,165956,2668,667,170.4885859999922
668,1.9924799739483616,483.23738796739445,7.9699198957934465,166204,2672,668,170.65970080002444
669,1.9939592556745012,483.75893125425443,7.975837022698005,166424,2676,669,170.82580310001504
670,1.9939802793363988,482.6246145495855,7.975921117345595,166720,2680,670,171.00144920003368
671,1.994171784705217,485.2755992005103,7.976687138820868,166992,2684,671,171.15955590002704
672,1.995530524759263,485.11754308025183,7.982122099037052,167224,2688,672,171.31714280002052
673,1.9973475387724238,480.9938970921347,7.989390155089695,167424,2692,673,171.4707008000114
674,1.9983806183826471,479.93761463524476,7.9935224735305885,167628,2696,674,171.6240073000081
675,1.9971398349056537,481.759037726221,7.988559339622615,167884,2700,675,171.78696280001896
676,1.9956839628015688,480.91910679103927,7.982735851206275,168124,2704,676,171.95571050001308
677,1.9949541827453214,481.0689514963004,7.979816730981286,168380,2708,677,172.13265839999076
678,1.994718108575878,481.9890286844571,7.978872434303512,168640,2712,678,172.31344009999884
679,1.9902009733770343,484.63424519050557,7.960803893508137,168932,2716,679,172.52720230002888
680,1.9887368174429232,488.6610465716897,7.954947269771693,169236,2720,680,172.69906190002803
681,1.989731038716421,491.01689224814214,7.958924154865684,169516,2724,681,172.8552362000337
682,1.9897199615751502,492.1511415161392,7.958879846300601,169752,2728,682,173.02752589999
683,1.9888373459841087,494.0434321493586,7.955349383936435,170016,2732,683,173.21030269999756
684,1.9912931479255074,492.8653734293991,7.9651725917020295,170260,2736,684,173.36370330001228
685,1.9872843569854481,491.7109294712566,7.949137427941793,170488,2740,685,173.56873080000514
686,1.9861205518257599,491.0987062432838,7.9444822073030394,170776,2744,686,173.74814450001577
687,1.9862832226092282,490.4903468075849,7.945132890436913,171024,2748,687,173.9102794000064
688,1.9811002470416983,486.9463545993921,7.924400988166793,171208,2752,688,174.13162920001196
689,1.9772660247445308,488.9092888939742,7.909064098978123,171524,2756,689,174.35795209999196
690,5.812013759803786,1437.58381160861,23.248055039215146,171752,2760,690,174.5448073000298
691,5.790159560021684,1433.5962404527156,23.160638240086737,171992,2764,691,174.7272784000379
692,5.762719574600181,1426.8023240622326,23.050878298400725,172216,2768,692,174.95792730001267
693,5.783715185053309,1429.1678257270503,23.134860740213234,172440,2772,693,175.12306720000925
694,5.827603480970304,1441.439881415512,23.310413923881217,172740,2776,694,175.28388619999168
695,5.827036318792393,1446.0563599288878,23.308145275169572,172964,2780,695,175.43607170000905
696,5.787896075332129,1437.760633243728,23.151584301328516,173196,2784,696,175.64158870000392
697,5.783090667764001,1441.28782111702,23.132362671056004,173480,2788,697,175.81653670000378
698,5.757427004470587,1447.1116527971378,23.02970801788235,173840,2792,698,176.00217300001532
699,5.76038979169969,1452.5586993110485,23.04155916679876,174088,2796,699,176.15902310004458
700,5.766190438970572,1461.0820508216045,23.064761755882287,174376,2800,700,176.33370100002503
701,5.787364913877854,1467.3922793881316,23.149459655511414,174612,2804,701,176.48864550003782
702,5.778325667868784,1468.402269720451,23.113302671475136,174924,2808,702,176.6688906000345
703,5.785420614868369,1475.8726058337675,23.141682459473476,175180,2812,703,176.81718980002915
704,5.7633733904219335,1474.4826290271299,23.053493561687734,175488,2816,704,177.00349430000642
705,5.773878741598489,1469.1575540867339,23.095514966393957,175728,2820,705,177.1538762000273
706,5.7655615595194725,1478.337049669442,23.06224623807789,176028,2824,706,177.32084280002164
707,5.78436872096431,1482.6871660267702,23.13747488385724,176300,2828,707,177.48018110002158
708,5.78196115911294,1491.5099806364808,23.12784463645176,176620,2832,708,177.6389221000136
709,5.777339292115883,1494.562303405325,23.109357168463532,176880,2836,709,177.8141489000409
710,5.7624299936722085,1488.3533469370504,23.049719974688834,177092,2840,710,177.99178060004488
711,5.766517043603728,1488.4675013775502,23.066068174414912,177372,2844,711,178.14738600002602
712,5.765052938537415,1485.2658835938025,23.06021175414966,177596,2848,712,178.29963660001522
713,5.789165446905061,1493.3683928342853,23.156661787620244,177832,2852,713,178.45273700001417
714,5.805979497693645,1491.5442840197472,23.22391799077458,178056,2856,714,178.6058012000285
715,5.803884080039804,1487.2156838567303,23.215536320159217,178288,2860,715,178.76778910000576
716,5.810745443933485,1491.345606181786,23.24298177573394,178532,2864,716,178.92123899998842
717,5.795962073889579,1485.1857101991338,23.183848295558317,178760,2868,717,179.11386240000138
718,5.803768453183199,1490.5024941807628,23.215073812732797,179008,2872,718,179.2685934000183
719,5.8045762189327155,1480.2853965670042,23.218304875730862,179216,2876,719,179.44306459999643
720,5.805892611320031,1479.1992522391686,23.223570445280124,179476,2880,720,179.59925730002578
721,5.7948850985395515,1487.7480518291338,23.179540394158206,179804,2884,721,179.77287560002878
722,5.791730231903682,1493.5572083741822,23.16692092761473,180060,2888,722,179.9310395999928
723,5.783238644810523,1496.5605309428047,23.132954579242092,180308,2892,723,180.09676849999232
724,5.7962060117325995,1492.345613143234,23.184824046930398,180500,2896,724,180.24076860002242
725,5.787328549635944,1498.091333134333,23.149314198543777,180808,2900,725,180.42248400003882
726,5.778927891861922,1500.6342550214508,23.115711567447686,181104,2904,726,180.6117398000206
727,5.777864254428409,1503.1880309276196,23.111457017713636,181388,2908,727,180.79408240003977
728,5.807461782470385,1512.3104560065738,23.22984712988154,181692,2912,728,180.9646233000094
729,5.785417882554599,1498.5413013343464,23.141671530218396,181928,2916,729,181.1686316000414
730,5.787974356396986,1491.6436769914517,23.151897425587944,182144,2920,730,181.32106500002556
731,5.799745625519014,1499.4117874300996,23.198982502076056,182420,2924,731,181.47617229999742
732,5.81748712169339,1505.898094929775,23.26994848677356,182700,2928,732,181.63318340003025
733,5.796038927855869,1512.64787366165,23.184155711423475,183048,2932,733,181.81775280000875
734,5.789227825464525,1525.0480157366549,23.1569113018581,183396,2936,734,182.03272660000948
735,5.803183652592763,1527.3031915068627,23.21273461037105,183672,2940,735,182.19178560003638
736,5.795849641747952,1528.6849136724597,23.18339856699181,183948,2944,736,182.36460500000976
737,5.843131987445118,1546.4027676160877,23.372527949780473,184176,2948,737,182.51754279999295
738,5.860975367695684,1550.1681788844096,23.443901470782738,184484,2952,738,182.7183353000437
739,5.872848866859237,1560.0204255314252,23.49139546743695,184768,2956,739,182.88828780001495
740,5.872008478319364,1565.5493624645749,23.488033913277455,185056,2960,740,183.07195300003514
741,5.925831757606744,1591.0253592464148,23.703327030426976,185372,2964,741,183.22680870001204
742,5.920351720111273,1596.3201413491865,23.681406880445092,185652,2968,742,183.39960250002332
743,5.9125979737053935,1583.6109348348893,23.650391894821574,185864,2972,743,183.57127529999707
744,5.899402639733235,1591.153169116621,23.59761055893294,186180,2976,744,183.74199740000768
745,5.90923520844723,1606.8295901500182,23.63694083378892,186520,2980,745,183.9336939000059
746,5.917700867408937,1598.0207730113275,23.670803469635747,186712,2984,746,184.09677950001787
747,5.938918969837055,1588.7214256453904,23.75567587934822,186948,2988,747,184.2528328000335
748,5.9326230546908105,1584.131429542338,23.730492218763242,187172,2992,748,184.41843880002853
749,5.940713209764461,1587.7465345933751,23.762852839057842,187472,2996,749,184.58186890004436
750,5.939096912560319,1589.2538513773652,23.756387650241276,187724,3000,750,184.73905810003635
751,5.955674298473631,1577.6459672283208,23.822697193894523,187904,3004,751,184.89633850002429
752,5.936885551277452,1569.276360411134,23.74754220510981,188132,3008,752,185.0706755000283
753,5.952597305278692,1560.7953097596048,23.810389221114768,188336,3012,753,185.23519510001643
754,5.950228765052911,1560.1742688448937,23.800915060211643,188576,3016,754,185.38885370001663
755,5.955914346341754,1559.7202631072937,23.823657385367017,188860,3020,755,185.54795909998938
756,5.937515165676906,1546.6621137693883,23.750060662707625,189064,3024,756,185.7327915999922
757,5.942172210997568,1534.778193926229,23.768688843990272,189276,3028,757,185.88506480003707
758,5.938282220981095,1533.77346507626,23.75312888392438,189536,3032,758,186.06569340004353
759,5.9546100974517495,1543.8238097556537,23.818440389806998,189796,3036,759,186.22069889999693
760,5.946861250886357,1547.1548413530465,23.78744500354543,190120,3040,760,186.38702670001658
761,5.933614742473872,1548.0679768935913,23.73445896989549,190380,3044,761,186.5576719000237
762,5.924825977297028,1542.3893911510388,23.699303909188114,190588,3048,762,186.7230220999918
763,5.916483522317002,1547.9452807368157,23.665934089268006,190876,3052,763,186.8877477000351
764,5.917150402768553,1544.2554969511073,23.668601611074212,191076,3056,764,187.04880220000632
765,5.8820537543316105,1538.4571615411005,23.528215017326442,191348,3060,765,187.25166270002956
766,5.901700031666464,1553.231094048382,23.606800126665856,191656,3064,766,187.4165548000019
767,5.892810380507075,1547.5241627829598,23.5712415220283,191876,3068,767,187.58381089998875
768,5.894381796434661,1550.3427059683656,23.577527185738646,192104,3072,768,187.7560653000255
769,5.883963013836755,1553.3662356529035,23.53585205534702,192412,3076,769,187.9269779000315
770,5.8701974043268255,1537.2729202514658,23.480789617307302,192636,3080,770,188.12012470001355
771,5.87845608226803,1538.475934673576,23.51382432907212,192884,3084,771,188.2665616000304
772,5.882567269984244,1540.512310376282,23.530269079936975,193140,3088,772,188.42646500002593
773,5.869745038883926,1541.4669216399666,23.478980155535705,193368,3092,773,188.58866100001615
774,5.884867538731818,1545.4382752734905,23.539470154927272,193676,3096,774,188.74892460001865
775,5.907159465207896,1547.916888434069,23.628637860831585,193944,3100,775,188.90675880003255
776,5.91519769775319,1546.1602472004665,23.66079079101276,194196,3104,776,189.07782920001773
777,5.923411498189413,1541.5376209165593,23.693645992757652,194444,3108,777,189.23688330000732
778,5.959128333246492,1546.941069365212,23.83651333298597,194648,3112,778,189.39131070004078
779,5.949514387879658,1551.7304872877964,23.79805755151863,194924,3116,779,189.5570313000353
780,5.941339674101498,1550.5684031104074,23.765358696405993,195208,3120,780,189.7234705000301
781,5.9410604608936435,1546.1306734146071,23.764241843574574,195452,3124,781,189.8808691999875
782,5.927478199378348,1526.6280586970356,23.709912797513393,195668,3128,782,190.08433740003966
783,5.951999046885536,1513.5083290651792,23.807996187542145,195856,3132,783,190.2652548000333
784,5.9368185835081375,1505.7710480783496,23.74727433403255,196100,3136,784,190.44536439998774
785,5.951534564908418,1499.3008708006023,23.806138259633673,196292,3140,785,190.59777570003644
786,5.922385709058841,1491.4742785670633,23.689542836235365,196516,3144,786,190.79123560001608
787,5.910692904276717,1483.7045453592575,23.642771617106867,196784,3148,787,191.00839550001547
788,5.874576919577146,1466.4862220462785,23.498307678308585,197000,3152,788,191.22931399999652
789,5.854516227603902,1450.9641850616692,23.41806491041561,197200,3156,789,191.44156000000658
790,5.794862345982184,1425.2996121179037,23.179449383928738,197424,3160,790,191.68257470004028
791,5.779973035130416,1423.9966220427425,23.119892140521664,197724,3164,791,191.87715070002014
792,5.771464606911183,1432.2655024497956,23.08585842764473,198024,3168,792,192.06132129998878
793,5.75103526556534,1414.5199391957854,23.00414106226136,198232,3172,793,192.26220250001643
794,5.779164059008128,1411.0595673872092,23.11665623603251,198484,3176,794,192.41242880001664
795,5.77864608422996,1417.0655377164735,23.11458433691984,198728,3180,795,192.57627439999487
796,5.772562475722067,1421.6996725921204,23.090249902888267,199016,3184,796,192.7412641000119
797,5.766526408662666,1424.4497071521002,23.066105634650665,199276,3188,797,192.91575530002592
798,5.728292608883058,1419.6813355566503,22.913170435532233,199616,3192,798,193.135901200003
799,5.6801515474012865,1400.7949244652477,22.720606189605146,199808,3196,799,193.36558849998983
800,5.651457130765078,1407.5588331399388,22.60582852306031,200108,3200,800,193.56666880002012
801,5.632803322174998,1401.5334306930117,22.53121328869999,200324,3204,801,193.76971880003111
802,5.624165657903022,1401.6798166186063,22.49666263161209,200548,3208,802,193.94759850000264
803,5.5858899780627835,1387.1246786340398,22.343559912251134,200744,3212,803,194.16095630003838
804,5.567775813411274,1377.6268155469038,22.271103253645094,200984,3216,804,194.34860080003273
805,5.551403206657599,1372.216237531364,22.205612826630396,201176,3220,805,194.5593888000003
806,5.514657927011358,1367.1849897415098,22.058631708045432,201424,3224,806,194.77047540002968
807,5.499671781861926,1358.0822155210062,21.998687127447702,201636,3228,807,194.97531599999638
808,5.435228169589965,1343.499665103544,21.74091267835986,201908,3232,808,195.23595980001846
809,5.4277649228373335,1332.350132487499,21.711059691349334,202148,3236,809,195.4146837000153
810,5.40897413497147,1320.6727867509933,21.63589653988588,202344,3240,810,195.6166910000029
811,5.40002866861525,1333.0356484810218,21.600114674461,202684,3244,811,195.79704800003674
812,5.364497516771415,1333.4608113117517,21.45799006708566,203056,3248,812,196.02187440003036
813,5.342662042843179,1335.4474428723113,21.370648171372714,203324,3252,813,196.22026010003174
814,5.329603973770025,1331.7483888742895,21.3184158950801,203592,3256,814,196.44559160002973
815,5.2930993258931975,1314.849081525959,21.17239730357279,203828,3260,815,196.6738910000422
816,5.253376344956289,1309.6988863262454,21.013505379825155,204092,3264,816,196.91114570002537
817,5.249455856407859,1308.7214845281305,20.997823425631434,204320,3268,817,197.0903661000193
818,5.218088240912139,1289.826219876078,20.872352963648556,204524,3272,818,197.3173902000417
819,5.223298071205759,1287.2764797526684,20.893192284823037,204712,3276,819,197.50117080000928
820,5.1770483443391075,1275.8782817599808,20.70819337735643,204960,3280,820,197.73141430004034
821,5.144580292268635,1265.356769029012,20.57832116907454,205192,3284,821,197.95105150004383
822,5.134815040456208,1262.1165785153992,20.53926016182483,205412,3288,822,198.13136110000778
823,5.115152629147537,1252.6904397912335,20.460610516590148,205676,3292,823,198.3283064000425
824,5.10577014441126,1244.1407249851113,20.42308057764504,205884,3296,824,198.50374390004436
825,5.1108834322586745,1242.8834077304973,20.443533729034698,206112,3300,825,198.6652128000278
826,5.092204124396713,1249.5645386070628,20.368816497586852,206468,3304,826,198.85943549999502
827,5.086581876280009,1254.4133753666863,20.346327505120037,206732,3308,827,199.0244987999904
828,5.062613316674821,1242.3033167285316,20.250453266699285,206948,3312,828,199.2358269999968
829,5.040689940830859,1240.2154678909558,20.162759763323436,207264,3316,829,199.44436200003838
830,5.032547590705027,1243.1419599570131,20.13019036282011,207556,3320,830,199.61748850002186
831,5.053859339992203,1250.4691966952137,20.215437359968814,207792,3324,831,199.77989810000872
832,5.0567732707177395,1260.271738408266,20.227093082870958,208068,3328,832,199.95522850000998
833,5.064767523528355,1263.091002806459,20.25907009411342,208320,3332,833,200.12004340003477
834,5.0349696107763995,1269.223359843063,20.139878443105598,208644,3336,834,200.32971130002989
835,5.033271258361669,1275.3693049758874,20.133085033446676,208932,3340,835,200.52645500004292
836,5.043976838496917,1281.37599358387,20.175907353987668,209232,3344,836,200.72295240004314
837,5.05855321804275,1296.2284531784646,20.234212872171,209556,3348,837,200.91587810002966
838,5.069428041358509,1303.567210635045,20.277712165434036,209800,3352,838,201.10734470002353
839,5.0939774383086265,1309.4640778150094,20.375909753234506,210020,3356,839,201.3017771000159
840,5.108639706449235,1312.8161466042604,20.43455882579694,210316,3360,840,201.4687451000209
841,5.122688011978524,1313.9172027458385,20.490752047914096,210592,3364,841,201.62661199999275
842,5.154735263956887,1321.2954064346632,20.61894105582755,210792,3368,842,201.76802529999986
843,5.149956972619676,1322.172626848072,20.599827890478704,211064,3372,843,201.92707140004495
844,5.15799800538789,1322.5527946876216,20.63199202155156,211292,3376,844,202.0760842000018
845,5.15775927780723,1315.7549178079669,20.63103711122892,211516,3380,845,202.24151359999087
846,5.170524914106831,1317.3231230144831,20.682099656427322,211760,3384,846,202.3925494000432
847,5.205382067584954,1314.7307850700283,20.821528270339815,211992,3388,847,202.54923520004377
848,5.254163061011394,1332.1984055103176,21.016652244045577,212232,3392,848,202.69152670004405
849,5.281740601278619,1337.4660689931654,21.126962405114476,212516,3396,849,202.8439135000226
850,5.310382078758012,1354.2558052277577,21.24152831503205,212820,3400,850,202.99692679999862
851,5.317012146031881,1363.7593602311977,21.268048584127524,213116,3404,851,203.16330060001928
852,5.339793044440261,1375.2691473640018,21.359172177761042,213364,3408,852,203.3373419000418
853,5.3606780719754745,1379.7728947705039,21.442712287901898,213596,3412,853,203.48923549999017
854,5.382006826429733,1387.0200449827485,21.528027305718933,213804,3416,854,203.6637994000339
855,5.411019076555374,1397.588927201731,21.644076306221496,214080,3420,855,203.82607090001693
856,5.4485490786211885,1405.9480520425777,21.794196314484754,214280,3424,856,203.96853589999955
857,5.523111035444604,1420.2285519714694,22.092444141778415,214508,3428,857,204.10777130001225
858,5.524075153970508,1423.1821376270143,22.096300615882033,214772,3432,858,204.28494680003496
859,5.562461837517284,1433.9799577860883,22.249847350069135,214976,3436,859,204.42574020003667
860,5.575274137105561,1431.8214232925793,22.301096548422244,215268,3440,860,204.58585350000067
861,5.604459099839366,1429.2514471753616,22.417836399357466,215552,3444,861,204.76491259998875
862,5.608682625298641,1443.606230005438,22.434730501194565,215936,3448,862,204.95671450003283
863,5.655140920106828,1454.6407378984993,22.620563680427313,216196,3452,863,205.11027400003513
864,5.695409036582883,1466.3934776638705,22.781636146331532,216444,3456,864,205.2773116999888
865,5.736272529152626,1480.192446093996,22.945090116610505,216736,3460,865,205.4532782000024
866,5.744739667934106,1483.7841885178377,22.978958671736425,216976,3464,866,205.61990839999635
867,5.751543171322762,1486.4804637067643,23.006172685291048,217188,3468,867,205.83684290002566
868,5.763431824902001,1495.6693690908949,23.053727299608003,217428,3472,868,206.00304979999783
869,5.7977187065633204,1507.8801468661827,23.190874826253282,217704,3476,869,206.18301440001233
870,5.80935604617025,1512.8037377373957,23.237424184681,217952,3480,870,206.38572130003013
871,5.811738780069792,1526.2337677946546,23.246955120279168,218280,3484,871,206.56257280003047
872,5.841246483861682,1533.506015681565,23.36498593544673,218540,3488,872,206.71692690002965
873,5.848958617394414,1538.3954828771268,23.395834469577657,218772,3492,873,206.8813036000356
874,5.843145017226809,1544.0212588378108,23.372580068907236,219060,3496,874,207.05110770004103
875,5.879349885012211,1536.7900679027834,23.517399540048842,219276,3500,875,207.1936902999878
876,5.873612540305924,1533.3724819508852,23.494450161223696,219524,3504,876,207.36689450003905
877,5.926078077867436,1547.5529609059531,23.704312311469742,219744,3508,877,207.5043646999984
878,5.973616098183028,1549.2390484838759,23.89446439273211,219972,3512,878,207.64709869999206
879,5.989271649916653,1544.498705476466,23.957086599666614,220192,3516,879,207.79878380004084
880,5.995206037493208,1542.6032187900892,23.980824149972833,220400,3520,880,207.95309510000516
881,6.007161419093954,1553.03511953229,24.028645676375817,220736,3524,881,208.11215930001345
882,6.003511441598589,1559.932809682311,24.014045766394357,221052,3528,882,208.28193340002326
883,6.050701021883509,1563.3035701437802,24.202804087534037,221304,3532,883,208.4279465000145
884,6.0842709019050725,1563.5334529956872,24.33708360762029,221524,3536,884,208.5800083000213
885,6.094604607021678,1557.7311856803979,24.37841842808671,221756,3540,885,208.76285050000297
886,6.113321492693092,1550.0389025554894,24.453285970772367,221980,3544,886,208.93116080004256
887,6.14663214986101,1553.4671947730358,24.58652859944404,222184,3548,887,209.0791899000178
888,6.142741157854043,1558.501185192683,24.57096463141617,222452,3552,888,209.27867190004326
889,6.154713958873341,1553.5000457825608,24.618855835493363,222684,3556,889,209.4301223999937
890,6.154651649916096,1541.4262254647008,24.618606599664385,222864,3560,890,209.5880698999972
891,6.140118660668036,1547.3099024883452,24.560474642672144,223140,3564,891,209.7483271000092
892,6.147752987510724,1538.19289034452,24.591011950042898,223324,3568,892,209.89746320003178
893,6.114655607788668,1530.910101966355,24.458622431154673,223560,3572,893,210.08961810002802
894,6.11386756422031,1538.6982612645893,24.45547025688124,223848,3576,894,210.25608040002408
895,6.104482452970021,1534.8413024610336,24.417929811880082,224080,3580,895,210.41943790001096
896,6.10365810170573,1541.1113884551692,24.41463240682292,224364,3584,896,210.5772078000009
897,6.093530343399201,1544.5234054085322,24.374121373596804,224652,3588,897,210.73284220002824
898,6.101974200351713,1539.1918595172895,24.407896801406853,224876,3592,898,210.87410150002688
899,6.096950901142338,1534.9384962549364,24.387803604569353,225156,3596,899,211.03373090003151
900,6.1089486610416825,1530.4786482234222,24.43579464416673,225392,3600,900,211.18432070000563
901,6.098416848503973,1525.848786993035,24.393667394015893,225624,3604,901,211.37221410003258
902,6.060676374942784,1516.9007155571082,24.242705499771137,225860,3608,902,211.57414169999538
903,6.050796510798781,1519.3673524258816,24.203186043195124,226108,3612,903,211.76190680003492
904,6.026815936211357,1512.8537962326468,24.10726374484543,226380,3616,904,211.9564005000284
905,6.012654822327259,1516.170673156645,24.050619289309036,226636,3620,905,212.11801420000847
906,6.008309909504074,1517.5274171433148,24.033239638016298,226884,3624,906,212.26314290001756
907,6.020469300768457,1520.5985319655188,24.081877203073827,227148,3628,907,212.42384719999973
908,6.015895641454672,1525.8275720816055,24.063582565818688,227404,3632,908,212.57082830002764
909,6.023083479715688,1520.7671185927038,24.092333918862753,227640,3636,909,212.72122140001738
910,6.04228020215587,1521.1748688529553,24.16912080862348,227888,3640,910,212.8744338999968
911,6.066610692093086,1510.462253949707,24.266442768372343,228136,3644,911,213.03371210000478
912,6.07473769623734,1511.4939182148091,24.29895078494936,228388,3648,912,213.17646590003278
913,6.068951262678843,1506.5861869229684,24.275805050715373,228608,3652,913,213.3511942999903
914,6.089936202673879,1506.3270770695392,24.359744810695517,228856,3656,914,213.4993395000347
915,6.077080774778798,1515.5495319958554,24.308323099115192,229196,3660,915,213.68299030000344
916,6.098135426673634,1524.2849531816055,24.392541706694537,229436,3664,916,213.87208589998772
917,6.106808123914623,1523.9601987597553,24.42723249565849,229656,3668,917,214.0268814000301
918,6.1102717246314695,1522.8293530857043,24.441086898525878,229916,3672,918,214.20229770004516
919,6.123150808453555,1524.03973999795,24.49260323381422,230148,3676,919,214.38813730003312
920,6.129666668465127,1517.155048064185,24.51866667386051,230408,3680,920,214.55648220004514
921,6.133702266752177,1509.141112815597,24.53480906700871,230596,3684,921,214.70557680004276
922,6.1485123724507496,1514.2907614435846,24.594049489802998,230840,3688,922,214.85071100003552
923,6.173091546858976,1512.785373360869,24.692366187435905,231068,3692,923,214.98878360004164
924,6.16087678778764,1514.8212967197037,24.64350715115056,231324,3696,924,215.14710370003013
925,6.173565666229106,1512.9015616342674,24.694262664916423,231532,3700,925,215.30396079999628
926,6.115876717348899,1506.7523210578756,24.463506869395594,231816,3704,926,215.51629860000685
927,6.081008841814653,1508.5866016550801,24.324035367258613,232128,3708,927,215.70497220003745
928,6.053804833652466,1508.2622328414143,24.215219334609863,232400,3712,928,215.89286700001685
929,6.043436347726575,1509.1323908322934,24.1737453909063,232636,3716,929,216.06106500001624
930,6.0390641920321535,1494.7300106319585,24.156256768128614,232864,3720,930,216.22599920001812
931,6.035516600991571,1483.5053457620913,24.142066403966282,233096,3724,931,216.4005425000214
932,6.026778427909738,1482.3415023095545,24.107113711638952,233356,3728,932,216.55832670000382
933,6.037850198568009,1487.5291346349593,24.151400794272035,233596,3732,933,216.6954795999918
934,6.056238901863641,1491.565123830417,24.224955607454564,233824,3736,934,216.85368060000474
935,6.05245848582401,1495.5748438032065,24.20983394329604,234088,3740,935,217.02704449999146
936,6.056220338335717,1501.942643907258,24.22488135334287,234336,3744,936,217.1700448000338
937,6.087548412962954,1517.1661473286447,24.350193651851814,234664,3748,937,217.32788920000894
938,6.069877244417356,1508.3025577148105,24.279508977669423,234860,3752,938,217.5027732999879
939,6.076844426141376,1514.994520607001,24.307377704565504,235080,3756,939,217.6514654000057
940,6.080380043119916,1510.4160384664415,24.321520172479666,235312,3760,940,217.8070338999969
941,6.057621604954689,1512.6746522086853,24.230486419818757,235560,3764,941,217.98644649999915
942,6.092347075839006,1521.3460983666548,24.369388303356025,235796,3768,942,218.13249540003017
943,6.10379632715196,1519.7207181888552,24.41518530860784,236048,3772,943,218.28387119999388
944,6.106525927109997,1522.3943005219535,24.42610370843999,236296,3776,944,218.44364030001452
945,6.106100169764561,1520.7927851389122,24.424400679058245,236568,3780,945,218.60196970001562
946,6.098455861014124,1515.9018854520823,24.393823444056498,236832,3784,946,218.7676630000351
947,6.057801938931985,1520.631915282927,24.23120775572794,237176,3788,947,218.96284400002332
948,6.036801871897907,1511.9108688149206,24.14720748759163,237428,3792,948,219.15061150002293
949,6.032697540762166,1509.8980130593307,24.130790163048665,237656,3796,949,219.30672360002063
950,6.027385067340574,1506.1082196840405,24.109540269362295,237868,3800,950,219.50177600001916
951,6.0486711384176015,1517.8461289384252,24.194684553670406,238156,3804,951,219.6750946000102
952,6.0795394835892,1529.0662162398633,24.3181579343568,238432,3808,952,219.82172780000838
953,6.090676752514511,1528.884164406704,24.362707010058045,238680,3812,953,220.00148350000381
954,6.089469240979204,1524.1071585993666,24.357876963916816,238900,3816,954,220.1646925000241
955,6.08377013766744,1524.6672916440034,24.33508055066976,239164,3820,955,220.31735910003772
956,6.056527998398268,1511.9071525797474,24.226111993593072,239380,3824,956,220.51429110002937
957,6.041867006461604,1510.713358431991,24.167468025846414,239656,3828,957,220.68090420000954
958,6.037304529309423,1512.529600036785,24.14921811723769,239916,3832,958,220.8374262000434
959,6.039031294524944,1517.8920290483513,24.156125178099774,240204,3836,959,220.9883179999888
960,6.029511604484966,1515.4992840987113,24.118046417939865,240452,3840,960,221.16040680004517
961,2.025582042940874,510.6120284572587,8.102328171763496,240740,3844,961,237.36704370001098
962,2.025876889338172,513.497774807757,8.103507557352687,241028,3848,962,237.5382513999939
963,2.024575754904527,512.0110766281,8.098303019618108,241248,3852,963,237.70194090000587
964,2.0235375743223645,510.09665546999685,8.094150297289458,241548,3856,964,237.89800889999606
965,2.0257255486398553,508.82918474814977,8.102902194559421,241744,3860,965,238.0609500000137
966,2.024778963972552,509.41785852762496,8.099115855890208,241984,3864,966,238.2270538000157
967,2.024025504939122,510.05442724465877,8.096102019756488,242264,3868,967,238.41147880000062
968,2.0227714611849223,511.0594018259049,8.09108584473969,242528,3872,968,238.61232720001135
969,2.024253573538487,511.268616859435,8.097014294153947,242784,3876,969,238.76293570001144
970,2.021447850473823,514.0253105490578,8.085791401895293,243056,3880,970,238.94562830001814
971,2.020424745898471,514.9196780975532,8.081698983593885,243328,3884,971,239.10303719999501
972,2.0196528877823496,516.8662696487891,8.078611551129399,243608,3888,972,239.25037840002915
973,2.018205407220869,516.6605842485425,8.072821628883476,243868,3892,973,239.4260992000345
974,2.0176431612110184,516.1872381416597,8.070572644844074,244068,3896,974,239.58972200000426
975,2.0193683803098303,515.3098413753902,8.077473521239321,244320,3900,975,239.7813116000034
976,2.0227083522444906,514.5109571913333,8.090833408977963,244592,3904,976,239.92991790000815
977,2.02473039588931,512.2154691315079,8.09892158355724,244796,3908,977,240.09361989999888
978,2.025134263713654,511.6563711178579,8.100537054854616,245016,3912,978,240.2569916000357
979,2.025898825985159,513.5033350762383,8.103595303940637,245284,3916,979,240.41279440000653
980,2.0278144548954624,513.8233524894298,8.11125781958185,245512,3920,980,240.56448900001124
981,2.0270897125123404,510.82660755310985,8.108358850049362,245704,3924,981,240.7309125000029
982,2.026368454482603,508.990672199426,8.105473817930411,245904,3928,982,240.8766693000216
983,2.027793064163912,508.1897719986294,8.111172256655648,246104,3932,983,241.01788200001465
984,2.029627953826907,505.9986751826427,8.118511815307627,246304,3936,984,241.16940020001493
985,2.0267382615437306,505.4437052258038,8.106953046174922,246556,3940,985,241.34682229999453
986,2.028089226171832,502.1383365697278,8.112356904687328,246796,3944,986,241.48856190004153
987,2.0296344271744724,503.68070682533846,8.11853770869789,247020,3948,987,241.64505200000713
988,2.030152386715621,505.30078588538197,8.120609546862484,247276,3952,988,241.78758460003883
989,2.031379355333018,504.2795607810374,8.125517421332072,247476,3956,989,241.9285747000249
990,2.0346492715380418,503.9286440690954,8.138597086152167,247696,3960,990,242.069221200014
991,2.034225072979579,503.15934458188775,8.136900291918316,247916,3964,991,242.22029210004257
992,2.033859350096258,504.8952068279772,8.135437400385031,248212,3968,992,242.37599930004217
993,2.035800837370427,505.7095467851599,8.143203349481707,248468,3972,993,242.51279240002623
994,2.032967007890229,505.00560040897693,8.131868031560916,248740,3976,994,242.704672700027
995,2.0353280699023073,504.5952121055761,8.14131227960923,248980,3980,995,242.8424059000099
996,2.0392114815329463,502.3951225523617,8.156845926131785,249248,3984,996,242.99173970002448
997,2.0433746213450146,502.41994771356605,8.173498485380058,249476,3988,997,243.13055110001005
998,2.0451015852051078,502.3437281536465,8.180406340820431,249692,3992,998,243.2664136000094
999,2.049024628732994,502.80555379358196,8.196098514931975,249892,3996,999,243.41559300001245
1000,2.0507769527533197,502.5659111971809,8.203107811013279,250164,4000,1000,243.56847800000105
1001,2.046797245395875,499.41852787659343,8.1871889815835,250388,4004,1001,243.76156850002008
1002,2.048414776533922,499.14433534316385,8.193659106135687,250620,4008,1002,243.92242010001792
1003,2.04887156621614,503.6042682348406,8.19548626486456,250944,4012,1003,244.0802960000001
1004,2.0490284759382935,505.817315203053,8.196113903753174,251260,4016,1004,244.23113120003836
1005,2.051827727940215,508.8532765291734,8.20731091176086,251532,4020,1005,244.39543830003822
1006,2.0533883398921624,507.8993199896532,8.21355335956865,251776,4024,1006,244.54390129999956
1007,2.0523621930744445,508.48320456987256,8.209448772297778,252056,4028,1007,244.71235440002056
1008,2.053031418831806,504.45914862724374,8.212125675327224,252244,4032,1008,244.85546370001975
1009,2.054971597400107,506.11014770254053,8.219886389600427,252520,4036,1009,245.00501860002987
1010,6.294253256871232,1538.366877638569,25.17701302748493,252716,4040,1010,245.15192269999534
1011,6.293971822594835,1528.0222204405745,25.17588729037934,252924,4044,1011,245.32347850000951
1012,6.295767014072361,1533.5974506115856,25.183068056289443,253184,4048,1012,245.4849480999983
1013,6.339102390832705,1531.734128723658,25.35640956333082,253388,4052,1013,245.62780990003375
1014,6.309941709802438,1545.8069445809892,25.239766839209754,253748,4056,1014,245.82647339999676
1015,6.332851877207498,1549.8685655402514,25.331407508829994,253976,4060,1015,245.9644840999972
1016,6.36205692102475,1556.496701413157,25.448227684099,254252,4064,1016,246.11339040001621
1017,6.405264008059446,1566.5445688282532,25.621056032237785,254512,4068,1017,246.2622851000051
1018,6.404762675625425,1562.2392550831648,25.6190507025017,254736,4072,1018,246.41349240002455
1019,6.442297824056958,1566.135748574826,25.76919129622783,254968,4076,1019,246.55161010002485
1020,6.421858517574926,1572.70004512039,25.687434070299705,255328,4080,1020,246.73322709999047
1021,6.380643097753514,1563.1273417435343,25.522572391014055,255612,4084,1021,246.92985509999562
1022,6.348237189127158,1546.3787569269746,25.39294875650863,255804,4088,1022,247.14477740001166
1023,6.344852222615484,1547.6259951979646,25.379408890461935,256020,4092,1023,247.3125181000214
1024,6.361872389904585,1545.0261518339705,25.44748955961834,256220,4096,1024,247.48344660003204
1025,6.308989941141459,1531.1532322460048,25.235959764565838,256484,4100,1025,247.69661280000582
1026,6.308815948419821,1549.1361937017814,25.235263793679284,256828,4104,1026,247.86052899999777
1027,6.315365075755824,1561.0551387256028,25.261460303023295,257128,4108,1027,248.01584629999707
1028,6.3128971496680775,1558.3837535180626,25.25158859867231,257380,4112,1028,248.17468230001396
1029,6.312138901368504,1562.8340643143408,25.248555605474017,257644,4116,1029,248.32730930001708
1030,6.296970824182901,1570.3874177860216,25.187883296731606,257924,4120,1030,248.5124318000162
1031,6.292547331682739,1570.825284921291,25.170189326730956,258136,4124,1031,248.66365880001104
1032,6.266251731651259,1580.6300286369299,25.065006926605037,258464,4128,1032,248.83754870004486
1033,6.272709368137205,1586.3553977542092,25.09083747254882,258696,4132,1033,248.98101670003962
1034,6.276588718569121,1581.7003570794184,25.106354874276484,258904,4136,1034,249.15361070004292
1035,6.261674188715087,1578.453052632832,25.04669675486035,259148,4140,1035,249.31394510000246
1036,6.256173902007958,1572.9808667905722,25.02469560803183,259340,4144,1036,249.47731510002632
1037,6.248090268025749,1574.5187475424887,24.992361072102995,259624,4148,1037,249.62998090003384
1038,6.233663587308257,1574.9541879770659,24.93465434923303,259856,4152,1038,249.78912080003647
1039,6.23671849428255,1573.6895400675398,24.9468739771302,260060,4156,1039,249.92591700004414
1040,6.246952937166383,1574.2321401659285,24.987811748665532,260264,4160,1040,250.06411620002473
1041,6.256904382268798,1568.5676210569372,25.027617529075194,260496,4164,1041,250.20734800002538
1042,6.248558049583654,1561.8844692102161,24.994232198334615,260716,4168,1042,250.35460160003277
1043,6.289626249874695,1565.988576499414,25.15850499949878,260940,4172,1043,250.49527870002203
1044,6.2411216859583964,1574.291102825424,24.964486743833586,261340,4176,1044,250.69355870003346
1045,6.2149691361980635,1574.2897330304156,24.859876544792254,261660,4180,1045,250.8759301000391
1046,6.198177857128895,1575.6021099672964,24.79271142851558,261932,4184,1046,251.03610030002892
1047,6.18453964546621,1575.164383171802,24.73815858186484,262172,4188,1047,251.1893962000031
1048,6.16831351194577,1577.5776516674364,24.67325404778308,262424,4192,1048,251.35941750003258
1049,6.1574067395373495,1566.2432163590515,24.629626958149398,262628,4196,1049,251.52637360000517
1050,6.141477353424694,1567.7060966660424,24.565909413698776,262896,4200,1050,251.740104800032
1051,6.124269221580618,1561.8136365892124,24.49707688632247,263116,4204,1051,251.92337470001075
1052,6.120633081282425,1550.3938327526012,24.4825323251297,263356,4208,1052,252.08600380003918
1053,6.11725112508357,1540.548548643495,24.46900450033428,263600,4212,1053,252.24126500001876
1054,6.127206330447037,1543.0556350554375,24.508825321788148,263872,4216,1054,252.39255759998923
1055,6.131739701661461,1545.6989549984155,24.526958806645844,264128,4220,1055,252.53510810004082
1056,6.15275144704838,1542.959383292459,24.61100578819352,264344,4224,1056,252.67627110000467
1057,6.115951526151986,1538.7234778449322,24.463806104607944,264572,4228,1057,252.86729960003868
1058,6.0885941645021004,1524.3851675533015,24.354376658008402,264788,4232,1058,253.0528534000041
1059,6.06724956754546,1525.975176947556,24.26899827018184,265040,4236,1059,253.22806980001042
1060,6.079241020888566,1527.9986206788487,24.316964083554264,265240,4240,1060,253.38369520002743
1061,6.080064447668126,1534.1615679789534,24.320257790672503,265548,4244,1061,253.54407320002792
1062,6.049636128619157,1530.4344785788383,24.198544514476627,265784,4248,1062,253.727470599988
1063,6.071989482497374,1526.1759687028093,24.287957929989496,266064,4252,1063,253.89631610002834
1064,6.021784431945328,1527.321161637072,24.08713772778131,266404,4256,1064,254.1016069999896
1065,6.014147385757865,1527.838911385998,24.05658954303146,266700,4260,1065,254.26084619999165
1066,6.0019648228054505,1525.7239557727487,24.007859291221802,266968,4264,1066,254.4262783000013
1067,5.983316559715902,1535.1480773213943,23.93326623886361,267308,4268,1067,254.6029303999967
1068,5.9186045003240695,1519.9942659607775,23.674418001296278,267552,4272,1068,254.83058870001696
1069,5.929596233935678,1504.4232730671092,23.718384935742712,267760,4276,1069,254.99685890000546
1070,5.944640571057051,1500.9610845942416,23.778562284228205,267984,4280,1070,255.1725738000241
1071,5.979855015622389,1514.2457353845432,23.919420062489557,268212,4284,1071,255.33895599999232
1072,5.965313697418284,1525.6594133886927,23.861254789673136,268552,4288,1072,255.52667120000115
1073,5.9160974234021975,1520.3163011322545,23.66438969360879,268812,4292,1073,255.76593360002153
1074,5.91565638219269,1526.4808019682525,23.66262552877076,269128,4296,1074,255.97971730004065
1075,5.880537104705576,1503.4973234234992,23.522148418822304,269356,4300,1075,256.1931012000423
1076,5.816792245861718,1492.897536407285,23.267168983446872,269704,4304,1076,256.43973320000805
1077,5.7930140246694855,1483.0115903153883,23.172056098677942,269924,4308,1077,256.633146200038
1078,5.740767624297067,1466.8247072693732,22.96307049718827,270164,4312,1078,256.8627531999955
1079,5.764172459056153,1467.628889779277,23.056689836224614,270400,4316,1079,257.0132184000104
1080,5.7573368975165025,1471.9982990221786,23.02934759006601,270664,4320,1080,257.17453820002265
1081,5.73147237807829,1450.8812934221044,22.92588951231316,270868,4324,1081,257.38683530001435
1082,5.717409386758674,1447.7880749163598,22.869637547034696,271104,4328,1082,257.5513318000012
1083,5.721670038268322,1452.136501957242,22.88668015307329,271340,4332,1083,257.71754390001297
1084,5.697506143429867,1452.5152396678754,22.790024573719467,271640,4336,1084,257.9141990999924
1085,5.688747186708787,1462.820705153688,22.75498874683515,271940,4340,1085,258.0908109000302
1086,5.669058396148332,1449.890608582263,22.676233584593326,272156,4344,1086,258.27339159999974
1087,5.667532175942974,1454.126826856226,22.670128703771898,272428,4348,1087,258.43485910003074
1088,5.647391489484129,1456.3354869616621,22.589565957936514,272696,4352,1088,258.6024892000132
1089,5.630172124593061,1451.894999313427,22.520688498372245,272900,4356,1089,258.767224900017
1090,5.622520411116066,1458.183456825775,22.490081644464265,273204,4360,1090,258.92230080004083
1091,5.608207852552545,1469.1215509258054,22.43283141021018,273552,4364,1091,259.0917956000194
1092,5.5801776783207915,1461.77878936583,22.320710713283166,273776,4368,1092,259.2763611000264
1093,5.61165428362326,1446.20347537948,22.44661713449304,273968,4372,1093,259.4253867000225
1094,5.612868414947196,1436.4361208864866,22.451473659788785,274200,4376,1094,259.6058693000232
1095,5.5821005957416805,1420.3598005654546,22.328402382966722,274400,4380,1095,259.81415779999224
1096,5.555809157439924,1414.1235063589947,22.223236629759697,274644,4384,1096,260.0089936000295
1097,5.553713259159993,1414.4967647819738,22.214853036639973,274904,4388,1097,260.1823433000245
1098,5.5609949273420956,1420.436990012524,22.243979709368382,275144,4392,1098,260.3377465000376
1099,5.589314954502512,1426.7581928758657,22.357259818010046,275404,4396,1099,260.50683210004354
1100,5.600333075812301,1439.1713079720103,22.401332303249205,275708,4400,1100,260.6728543000063
1101,5.484253359927359,1409.3411899633736,21.937013439709435,275948,4404,1101,261.0206749000354
1102,5.4815614368737355,1403.7272022426864,21.926245747494942,276148,4408,1102,261.18032380001387
1103,5.488898299892063,1397.0926448215062,21.955593199568252,276344,4412,1103,261.3196678000386
1104,5.470086691387324,1386.9460623223695,21.880346765549294,276552,4416,1104,261.4929186000372
1105,5.462381631169837,1385.4383451465048,21.849526524679348,276772,4420,1105,261.6467171999975
1106,5.479509346846204,1389.7824931143803,21.918037387384818,277000,4424,1106,261.80970610002987
1107,5.484389507926992,1399.0789561038246,21.93755803170797,277288,4428,1107,261.9873026999994
1108,5.497676552855067,1398.8781889999382,21.990706211420267,277508,4432,1108,262.1409259000211
1109,5.503828800287018,1403.139374962968,22.015315201148073,277732,4436,1109,262.28658840002026
1110,5.503524041246475,1395.424136498902,22.0140961649859,277972,4440,1110,262.4474593999912
1111,5.5287933124221444,1400.9285258578234,22.115173249688578,278200,4444,1111,262.5901639999938
1112,5.5216343154010605,1396.8607953818682,22.086537261604242,278460,4448,1112,262.77050030004466
1113,5.540721811990006,1392.643466050386,22.162887247960025,278720,4452,1113,262.9452200999949
1114,5.536553626435114,1385.2683155121326,22.146214505740456,278960,4456,1114,263.1111171999946
1115,5.542163313769751,1382.1476672299257,22.168653255079004,279188,4460,1115,263.26759120001225
1116,5.567094210387163,1374.7314274629525,22.26837684154865,279408,4464,1116,263.4046496000374
1117,5.60001382402763,1376.4605407467095,22.40005529611052,279596,4468,1117,263.5805671000271
1118,5.5944797509863635,1375.1002881812196,22.377919003945454,279804,4472,1118,263.7554928000318
1119,5.601301934616239,1378.6061496218745,22.405207738464956,280044,4476,1119,263.920540000021
1120,5.589428314985242,1372.033546380459,22.35771325994097,280240,4480,1120,264.1055054999888
1121,5.608494979019631,1361.147393683703,22.433979916078524,280444,4484,1121,264.26341790001607
1122,5.654899705181634,1369.178165352549,22.619598820726537,280676,4488,1122,264.43098559998907
1123,5.6760029772369816,1363.6307560823213,22.704011908947926,280900,4492,1123,264.61255280004116
1124,5.704299697389051,1375.551127027531,22.817198789556205,281172,4496,1124,264.78311270003906
1125,5.757722171797831,1374.3330310479068,23.030888687191325,281400,4500,1125,264.9500430999906
1126,5.7951813776622405,1385.6396942998124,23.180725510648962,281640,4504,1126,265.0884467000142
1127,5.844257781752062,1392.6031399946341,23.377031127008248,281840,4508,1127,265.24705140001606
1128,5.842430832759689,1395.0294029242523,23.369723331038756,282100,4512,1128,265.4001384000294
1129,5.8445212777707924,1388.8490971094511,23.37808511108317,282308,4516,1129,265.5584584000171
1130,5.869107218736861,1396.1288518693236,23.476428874947445,282524,4520,1130,265.73563489998924
1131,5.859117285687875,1396.6222427925384,23.4364691427515,282784,4524,1131,265.9143663000432
1132,5.873271298473502,1397.1193929593294,23.493085193894007,282996,4528,1132,266.0604243000271
1133,5.897837774424167,1395.25990777806,23.591351097696666,283232,4532,1133,266.22232860000804
1134,5.90135686886899,1390.793247381614,23.60542747547596,283488,4536,1134,266.3939861000399
1135,5.904309957093856,1398.236994737084,23.617239828375425,283760,4540,1135,266.572413899994
1136,5.907486566159521,1398.0247800242,23.629946264638082,284024,4544,1136,266.7294188000378
1137,5.913882810951059,1396.159109328201,23.655531243804237,284264,4548,1137,266.8880777999875
1138,5.915902714336267,1410.64096559806,23.663610857345066,284584,4552,1138,267.04998450004496
1139,5.910038170900375,1400.0759813839093,23.6401526836015,284812,4556,1139,267.21327940002084
1140,5.9277681848900405,1390.7270010917532,23.711072739560162,285048,4560,1140,267.3579757999978
1141,5.937332497562961,1388.608784123909,23.749329990251844,285236,4564,1141,267.5292255000095
1142,5.926662175974028,1394.3379911148693,23.70664870389611,285496,4568,1142,267.6931094999891
1143,5.956521719058793,1400.8766589884397,23.826086876235173,285724,4572,1143,267.832146700006
1144,5.9856553647061315,1422.3871646252692,23.942621458824526,286044,4576,1144,268.0003958999878
1145,6.017713421922162,1428.5314800775222,24.070853687688647,286276,4580,1145,268.15162130002864
1146,6.022007783876945,1422.6686144114187,24.08803113550778,286480,4584,1146,268.31916439998895
1147,5.983123756920232,1411.5287883673038,23.93249502768093,286704,4588,1147,268.52744840004016
1148,5.9622337029264045,1406.6004409352904,23.848934811705618,286964,4592,1148,268.7252285000286
1149,5.9466420671241265,1403.4075278412938,23.786568268496506,287272,4596,1149,268.9127987000393
1150,6.07471322026188,1436.60768972234,24.29885288104752,287536,4600,1150,269.08689929998945
1151,6.049929301025762,1435.1913917372135,24.19971720410305,287772,4604,1151,269.27959200000623
1152,6.027949189243296,1441.7870305700292,24.111796756973185,288064,4608,1152,269.4484688999946
1153,6.048540774104165,1450.1685104933822,24.19416309641666,288300,4612,1153,269.59404610004276
1154,6.048525393545381,1450.6585801009248,24.194101574181524,288524,4616,1154,269.7478653000435
1155,6.056316525570398,1455.4935388799388,24.22526610228159,288776,4620,1155,269.9004324999987
1156,6.066463705896214,1453.4751817800318,24.265854823584856,289028,4624,1156,270.06449600000633
1157,6.061055710729968,1456.6324908072672,24.24422284291987,289284,4628,1157,270.2253261000151
1158,6.057418292722779,1451.307974623784,24.229673170891115,289472,4632,1158,270.3758432000177
1159,6.0704638631851555,1450.9647503188683,24.281855452740622,289684,4636,1159,270.5193302000407
1160,6.051401792402985,1445.9145343970235,24.20560716961194,289908,4640,1160,270.6874613999971
1161,6.075211967263341,1447.6362230564646,24.300847869053364,290136,4644,1161,270.8360625000205
1162,6.0816789087478424,1446.1984213210176,24.32671563499137,290372,4648,1162,271.00220580003224
1163,6.087087942343061,1453.9444342282281,24.348351769372243,290664,4652,1163,271.16094339999836
1164,6.083494975312377,1450.6031692153022,24.333979901249506,290872,4656,1164,271.3221717000124
1165,6.071199684550969,1458.0791405672612,24.284798738203875,291176,4660,1165,271.47554210003
1166,6.095755839962867,1465.9670779208657,24.383023359851467,291380,4664,1166,271.6189468000084
1167,6.070811481432927,1465.9151315982529,24.28324592573171,291636,4668,1167,271.82690139999613
1168,6.052446972807734,1471.8562883260602,24.209787891230935,291960,4672,1168,272.01643910002895
1169,6.066041714136074,1485.066049036252,24.264166856544296,292236,4676,1169,272.18326070002513
1170,6.051560381246229,1497.8229449745768,24.206241524984915,292572,4680,1170,272.3605031000334
1171,6.042671545969471,1511.4078054571803,24.170686183877883,292932,4684,1171,272.5399817000143
1172,6.058623238477133,1514.903100363711,24.234492953908532,293152,4688,1172,272.700198800012
1173,6.083881931867063,1517.2456572941942,24.335527727468254,293392,4692,1173,272.8371809000382
1174,6.09733858509281,1520.6015818333499,24.38935434037124,293620,4696,1174,272.9863362000324
1175,6.096342920813759,1515.3766688879916,24.385371683255038,293820,4700,1175,273.1260523000383
1176,6.109527925991384,1523.6414541962185,24.438111703965536,294060,4704,1176,273.26731100003235
1177,6.108869225393134,1523.9758655348096,24.435476901572535,294324,4708,1177,273.421262799995
1178,6.108333564558531,1525.3381529783303,24.433334258234122,294544,4712,1178,273.5802862000419
1179,6.093185877065795,1546.9231083816019,24.37274350826318,294964,4716,1179,273.7774050000007
1180,6.112136855209501,1542.7532372496146,24.448547420838004,295152,4720,1180,273.93120250001084
1181,6.114283876783708,1543.7942882360824,24.457135507134833,295368,4724,1181,274.0744454000378
1182,6.1321163209679845,1546.7950556564142,24.528465283871938,295592,4728,1182,274.2130446000374
1183,6.145041977607583,1544.5374897186734,24.580167910430333,295804,4732,1183,274.36789420002606
1184,6.1573487863128635,1551.1492534335916,24.629395145251454,296104,4736,1184,274.53038440004457
1185,6.136686014463865,1546.9458296052585,24.54674405785546,296376,4740,1185,274.7141845000442
1186,6.0969652392808875,1542.4077776760384,24.38786095712355,296660,4744,1186,274.9248629999929
1187,6.08304561459366,1526.4720178988498,24.33218245837464,296880,4748,1187,275.10516000003554
1188,6.070537866009165,1521.3511223386233,24.28215146403666,297092,4752,1188,275.2850518000196
1189,6.07074544443145,1523.3854282597779,24.2829817777258,297344,4756,1189,275.4294721999904
1190,6.077336061015268,1535.4575599054901,24.309344244061073,297616,4760,1190,275.5919686999987
1191,6.081635355213917,1541.011930006857,24.32654142085567,297912,4764,1191,275.7501529000001
1192,6.071902201940627,1544.4936539793464,24.287608807762506,298188,4768,1192,275.9021053999895
1193,6.078368881345047,1538.1994720138487,24.313475525380188,298444,4772,1193,276.0617691000225
1194,6.073341071861136,1543.372306669691,24.293364287444543,298728,4776,1194,276.21966810000595
1195,6.093281423518772,1551.424062037147,24.37312569407509,298956,4780,1195,276.3608084000298
1196,6.144995739340762,1564.0895277766936,24.579982957363047,299176,4784,1196,276.5014165000175
1197,6.186921806912382,1573.7508857419577,24.74768722764953,299428,4788,1197,276.6451605000184
1198,6.226791619819916,1570.1681072345896,24.907166479279663,299628,4792,1198,276.78201980004087
1199,6.24473904628872,1572.1449158166868,24.97895618515488,299872,4796,1199,276.9335042000166
1200,6.267049011208692,1588.505075902285,25.068196044834767,300192,4800,1200,277.09826390002854
1201,6.288511921807717,1581.624916823639,25.154047687230868,300388,4804,1201,277.2404554000241
1202,6.278097851181411,1591.3056186055742,25.112391404725646,300720,4808,1202,277.39895790000446
1203,6.283179515561978,1595.6711406459847,25.13271806224791,300968,4812,1203,277.546464700019
1204,6.278200491406604,1595.944190223687,25.112801965626417,301232,4816,1204,277.70521670003654
1205,6.279216779176048,1602.8661933455921,25.116867116704192,301536,4820,1205,277.8680170000298
1206,6.278407310545919,1597.5343336303372,25.113629242183677,301752,4824,1206,278.0298532000161
1207,6.266794369443924,1601.2299082742436,25.067177477775697,301992,4828,1207,278.1948328000144
1208,6.269230224016934,1606.9700329316877,25.076920896067737,302244,4832,1208,278.33528180001304
1209,6.28123125925706,1619.7885345300451,25.12492503702824,302544,4836,1209,278.4884796999977
1210,6.268043731140225,1613.3177048396026,25.0721749245609,302748,4840,1210,278.6534936000244
1211,6.286460750689644,1617.5448396876536,25.145843002758575,302980,4844,1211,278.79673470003763
1212,6.279202295230794,1609.0135514064868,25.116809180923177,303220,4848,1212,278.96448240004247
1213,6.27951347302774,1622.93384943721,25.11805389211096,303536,4852,1213,279.1253240000224
1214,6.281651833436652,1622.9737185981228,25.12660733374661,303836,4856,1214,279.27603810001165
1215,6.280453389756437,1627.7909806103419,25.12181355902575,304080,4860,1215,279.42093130003195
1216,6.333704100592496,1637.973435973635,25.334816402369984,304308,4864,1216,279.56329060002463
1217,6.364559555393958,1630.3663579449994,25.458238221575833,304512,4868,1217,279.7153222000343
1218,6.370215224095176,1628.6950270911095,25.480860896380705,304764,4872,1218,279.87530850002076
1219,6.364604279429331,1618.947504873616,25.458417117717325,305036,4876,1219,280.0593321000342
1220,6.3913774318279595,1613.2358383030246,25.565509727311838,305300,4880,1220,280.2065607000259
1221,6.402000978071044,1614.349471123384,25.608003912284175,305508,4884,1221,280.3540558000095
1222,6.396580998768993,1605.1502032829294,25.586323995075972,305688,4888,1222,280.4975231999997
1223,6.3831590483665686,1597.092447611717,25.532636193466274,305880,4892,1223,280.6627860000008
1224,6.355024480176324,1608.2102766160494,25.420097920705295,306220,4896,1224,280.8364867999917
1225,6.330085758194013,1598.28206123217,25.32034303277605,306432,4900,1225,281.0081224000314
1226,6.332770522321538,1599.9938584967476,25.331082089286152,306704,4904,1226,281.1587925000349
1227,6.317439064957506,1593.0260629921418,25.269756259830025,306900,4908,1227,281.3365936999908
1228,6.346754326803594,1575.5493802293656,25.387017307214375,307128,4912,1228,281.49788660003105
1229,6.348704951636346,1580.6979675502741,25.394819806545385,307352,4916,1229,281.6493120000232
1230,6.331748281368128,1581.1279994044983,25.326993125472512,307604,4920,1230,281.81322430004366
1231,6.307859647186977,1574.6477388651244,25.231438588747906,307824,4924,1231,281.98113120003836
1232,6.319176851122758,1577.9887336803686,25.27670740449103,308040,4928,1232,282.1220687000314
1233,6.329963179140271,1571.8977951791596,25.319852716561083,308272,4932,1233,282.2713457000209
1234,6.357585923431148,1573.048402768964,25.43034369372459,308500,4936,1234,282.4215125000337
1235,6.400816211168787,1579.5646862337342,25.60326484467515,308752,4940,1235,282.58013670000946
1236,6.415420807243166,1583.1687428813134,25.661683228972663,308972,4944,1236,282.7430066000088
1237,6.4376505334355665,1597.5883772770712,25.750602133742266,309252,4948,1237,282.8965243000421
1238,6.419632735693686,1590.496763496354,25.678530942774746,309484,4952,1238,283.06230759999016
1239,6.435167681793686,1591.1937067880062,25.740670727174745,309732,4956,1239,283.20637790003093
1240,6.445695847763181,1583.273371911789,25.782783391052725,309948,4960,1240,283.352125000034
1241,6.435903451800382,1569.8350623656768,25.743613807201527,310140,4964,1241,283.515644100029
1242,6.426999062335298,1564.5152003170497,25.707996249341193,310372,4968,1242,283.6858560999972
1243,6.429676995588779,1555.1945255452697,25.718707982355117,310580,4972,1243,283.84057970001595
1244,6.411560530386069,1552.382737397966,25.646242121544276,310820,4976,1244,284.00325360003626
1245,6.413748395872099,1553.9596113427258,25.654993583488395,311048,4980,1245,284.1412547000218
1246,6.408981321433657,1559.0828030916161,25.63592528573463,311348,4984,1246,284.2906813000445
1247,6.379129695607717,1559.6321174159277,25.516518782430868,311608,4988,1247,284.46331840002676
1248,6.3727119330685325,1561.1843682562176,25.49084773227413,311876,4992,1248,284.62253839999903
1249,6.394738294482083,1551.441813159245,25.578953177928334,312080,4996,1249,284.76081360003445
1250,6.3860583952351435,1557.676937547968,25.544233580940574,312340,5000,1250,284.91341999999713
1251,6.377274454930531,1540.437152011383,25.509097819722125,312556,5004,1251,285.08249110000907
1252,6.37968358776786,1542.06066150046,25.51873435107144,312812,5008,1252,285.22709639999084
1253,6.383436290786099,1542.9677434300113,25.533745163144395,313076,5012,1253,285.3813331000274
1254,6.404063971974716,1534.8842303443073,25.616255887898863,313280,5016,1254,285.5194083999959
1255,6.398065768104826,1532.9243289296053,25.592263072419303,313492,5020,1255,285.68841780000366
1256,6.407112868113035,1532.4767921282607,25.62845147245214,313712,5024,1256,285.8425832000212
1257,6.38713080216868,1528.2188066250123,25.54852320867472,313968,5028,1257,286.00695810001343
1258,6.390190426477061,1519.0395528082613,25.560761705908245,314192,5032,1258,286.1564828000264
1259,6.400784689166202,1524.1705255753316,25.60313875666481,314416,5036,1259,286.30880500003695
1260,6.3939731087991465,1520.4607074230132,25.575892435196586,314632,5040,1260,286.4602014000411
1261,6.417912230639276,1526.6772440883958,25.671648922557104,314876,5044,1261,286.59936400002334
1262,6.429233752117409,1522.0226841747337,25.716935008469637,315136,5048,1262,286.7467610000167
1263,6.433403026793208,1517.2327628086184,25.73361210717283,315392,5052,1263,286.8925358999986
1264,6.415489012012651,1515.102833612457,25.661956048050605,315652,5056,1264,287.0586967000272
1265,6.419163881899463,1512.302609237702,25.676655527597852,315852,5060,1265,287.1966835000203
1266,6.41917851416205,1517.5462022051672,25.6767140566482,316096,5064,1266,287.3486977000139
1267,6.427323965558206,1522.0952509456617,25.709295862232825,316368,5068,1267,287.4990101000294
1268,6.447548358560747,1520.5687516638363,25.790193434242987,316592,5072,1268,287.6591200000257
1269,6.439949768397025,1520.8795657120484,25.7597990735881,316872,5076,1269,287.8153157000197
1270,6.396615067957785,1517.433745917169,25.58646027183114,317132,5080,1270,288.0143573000096
1271,6.385284717818141,1519.437138974684,25.541138871272565,317348,5084,1271,288.17141750000883
1272,6.400718636086133,1529.3798732917642,25.60287454434453,317588,5088,1272,288.3181764000328
1273,6.414810388516956,1519.131831598995,25.659241554067822,317824,5092,1273,288.47506020002766
1274,6.340243007811521,1509.2366212880322,25.360972031246085,318096,5096,1274,288.736532800016
1275,6.29860109870366,1495.724946622771,25.19440439481464,318340,5100,1275,288.9382977000205
1276,6.229569316944463,1482.3832292973968,24.918277267777853,318560,5104,1276,289.20230599999195
1277,6.189644492332861,1472.3774735230986,24.758577969331444,318784,5108,1277,289.41433480003616
1278,6.162936494850759,1468.0366279162868,24.651745979403035,319024,5112,1278,289.6000673000235
1279,6.11254690822428,1458.5285398154751,24.45018763289712,319296,5116,1279,289.8295226999908
1280,6.086132965914158,1450.2385410206878,24.34453186365663,319500,5120,1280,290.0322204999975
1281,2.2786365085573372,545.1986617617597,9.114546034229349,319764,5124,1281,303.6261567000183
1282,2.2795309854766623,545.7848473798408,9.11812394190665,320004,5128,1282,303.76699560001725
1283,2.2797426732558836,545.8355314824087,9.118970693023535,320232,5132,1283,303.91516640002374
1284,2.2807546935346936,546.8225742784812,9.123018774138774,320500,5136,1284,304.0642534000217
1285,2.2813790004875627,548.6483702397029,9.12551600195025,320756,5140,1285,304.2212441000156
1286,2.2815480804741717,545.7090510848427,9.126192321896687,320972,5144,1286,304.3731701000361
1287,2.282077620045434,548.6300890639839,9.128310480181735,321264,5148,1287,304.53396989998873
1288,2.2828221643386226,548.0636722710113,9.13128865735449,321496,5152,1288,304.6710372000234
1289,2.282896666765021,548.2679178467503,9.131586667060084,321716,5156,1289,304.8160837999894
1290,2.2845643359381405,552.7713217731142,9.138257343752562,321996,5160,1290,304.9639348000055
1291,2.285737593571277,554.1747471760566,9.142950374285109,322252,5164,1291,305.1231375000207
1292,2.283037367822602,556.5020065565951,9.132149471290408,322524,5168,1292,305.30321570002707
1293,2.284411156358957,558.7016999552192,9.137644625435827,322804,5172,1293,305.4529825000209
1294,2.2824387106772153,557.4740099874472,9.129754842708861,323016,5176,1294,305.6095200999989
1295,2.2816754301763127,556.7288049630203,9.12670172070525,323304,5180,1295,305.76612839999143
1296,2.283077758234756,555.5799834528823,9.132311032939024,323532,5184,1296,305.92557469999883
1297,2.281428881625495,555.7374516547328,9.12571552650198,323812,5188,1297,306.10030630003894
1298,2.2765715848532397,559.2003182712979,9.106286339412959,324116,5192,1298,306.2844064999954
1299,2.276036594041097,557.2109180023878,9.104146376164389,324336,5196,1299,306.44207210000604
1300,2.279336428601133,558.2048396574204,9.117345714404532,324556,5200,1300,306.57997580000665
1301,2.2777523578504084,561.1638053871455,9.111009431401634,324884,5204,1301,306.73953160003293
1302,2.274916362700093,569.1933593204722,9.099665450800371,325336,5208,1302,306.9205865000258
1303,2.2742870897814877,570.3355052905085,9.097148359125951,325568,5212,1303,307.0646215000306
1304,2.2753963252775375,571.728154220756,9.10158530111015,325804,5216,1304,307.22312780003995
1305,2.2756425756336056,571.4184949101201,9.102570302534422,326016,5220,1305,307.37496290000854
1306,2.2776119474845524,572.6567182246874,9.11044778993821,326288,5224,1306,307.52071950002573
1307,2.2768988979036515,574.5219994628724,9.107595591614606,326556,5228,1307,307.67698160000145
1308,2.2784095585326747,574.5311939842802,9.113638234130699,326772,5232,1308,307.815035000036
1309,2.2765113815988185,575.3534071371381,9.106045526395274,327016,5236,1309,307.98436350002885
1310,2.2768331019122936,573.5760777552113,9.107332407649174,327220,5240,1310,308.120484700019
1311,2.2762831627681708,573.2517189501883,9.105132651072683,327476,5244,1311,308.27308110002195
1312,2.276310709462048,572.5153710900057,9.105242837848191,327716,5248,1312,308.41859549999936
1313,2.2789840670424653,572.257550222255,9.115936268169861,327956,5252,1313,308.5595052000135
1314,2.276387917781502,578.8529276644391,9.105551671126008,328312,5256,1314,308.7220129999914
1315,2.277654284757569,578.05936092337,9.110617139030277,328532,5260,1315,308.86205920000793
1316,2.2767365360753766,576.5254477474138,9.106946144301507,328776,5264,1316,309.02104359999066
1317,2.2789930236785687,575.6085236948156,9.115972094714275,328968,5268,1317,309.1598440000089
1318,2.277749880249792,576.2242350117638,9.110999520999169,329268,5272,1318,309.32777430000715
1319,2.281561582881871,579.0510172391623,9.126246331527485,329568,5276,1319,309.4908760000253
1320,2.2816091772339218,578.1318274395178,9.126436708935687,329764,5280,1320,309.6474881999893
1321,2.280505605591019,576.5490498379907,9.122022422364076,329976,5284,1321,309.8046397000435
1322,2.2790440937470913,576.1795557824279,9.116176374988365,330212,5288,1322,309.97530240000924
1323,2.2920733069802157,576.1056091585374,9.168293227920863,330412,5292,1323,310.1145575999981
1324,2.29701621625155,576.2229251053889,9.1880648650062,330632,5296,1324,310.27031950000674
1325,2.308386120857775,580.0173453061414,9.2335444834311,330872,5300,1325,310.42925740004284
1326,2.31459732927102,584.6011540215947,9.25838931708408,331160,5304,1326,310.5843237999943
1327,2.3199308168253046,584.054419517489,9.279723267301218,331360,5308,1327,310.72138679999625
1328,2.3289236162731606,585.7480540193966,9.315694465092642,331620,5312,1328,310.8692853000248
1329,2.3347827219710022,590.6523800316845,9.339130887884009,331896,5316,1329,311.0191841000342
1330,6.471172544087118,1652.394099420776,25.88469017634847,332276,5320,1330,311.1982002000441
1331,6.46005528963106,1645.8638823623296,25.84022115852424,332488,5324,1331,311.35207000002265
1332,6.466745172092813,1647.0404030146592,25.866980688371253,332712,5328,1332,311.4923940000008
1333,6.447031563675796,1640.9668910645821,25.788126254703183,332972,5332,1333,311.66465049999533
1334,6.462213656361247,1639.5559219567965,25.84885462544499,333188,5336,1334,311.8037850999972
1335,6.453979759020852,1637.9937200649656,25.815919036083407,333408,5340,1335,311.9653848000453
1336,6.473599788107701,1632.93251797982,25.894399152430804,333624,5344,1336,312.1031742999912
1337,6.447005183226956,1620.4350170739426,25.788020732907825,333812,5348,1337,312.27146540000103
1338,6.436411954114466,1624.0774979728828,25.745647816457865,334080,5352,1338,312.429020999989
1339,6.4299122246268245,1621.912552987501,25.719648898507298,334356,5356,1339,312.5845675999881
1340,6.437979305939712,1631.8306730565557,25.75191722375885,334672,5360,1340,312.7342212999938
1341,6.472849559876278,1631.6864849712608,25.89139823950511,334876,5364,1341,312.8732974000159
1342,6.479602996592202,1626.5125889404915,25.91841198636881,335104,5368,1342,313.01517420000164
1343,6.4844444265609775,1631.9626258846934,25.93777770624391,335348,5372,1343,313.16606570000295
1344,6.48137157247206,1621.1365304534197,25.92548628988824,335560,5376,1344,313.32625660003396
1345,6.4986773600014125,1621.751566491781,25.99470944000565,335760,5380,1345,313.4655705000041
1346,6.513413058238012,1624.8971678347234,26.053652232952047,336036,5384,1346,313.62324390001595
1347,6.553203695446083,1624.1246056632087,26.21281478178433,336260,5388,1347,313.76166530000046
1348,6.566609231606055,1632.271437570648,26.26643692642422,336516,5392,1348,313.9040663000196
1349,6.561877851952291,1631.095351770998,26.247511407809164,336736,5396,1349,314.04735040001106
1350,6.573741420638751,1625.4581847440634,26.294965682555006,337000,5400,1350,314.19342990004225
1351,6.600199336828675,1600.750386099428,26.4007973473147,337220,5404,1351,314.34460469998885
1352,6.596298875951703,1604.1121919559284,26.385195503806813,337484,5408,1352,314.4930296000093
1353,6.597626766326791,1603.896531438464,26.390507065307165,337716,5412,1353,314.6500408000429
1354,6.5929769187814165,1608.148165985214,26.371907675125666,337968,5416,1354,314.807113900024
1355,6.600152662866021,1600.7390662346897,26.400610651464085,338172,5420,1355,314.9447902000393
1356,6.61091069559205,1596.8722243475002,26.4436427823682,338392,5424,1356,315.0889709999901
1357,6.597475396634521,1595.2426224352205,26.389901586538084,338620,5428,1357,315.2421183999977
1358,6.603387794017637,1598.828424249495,26.41355117607055,338880,5432,1358,315.4047969999956
1359,6.6037143116523795,1601.063796376128,26.414857246609518,339100,5436,1359,315.54055130004417
1360,6.597198347574804,1600.5611011422302,26.388793390299217,339364,5440,1360,315.7004764000303
1361,6.593025088053263,1602.2396479293523,26.372100352213053,339624,5444,1361,315.8506922000088
1362,6.597328208635548,1603.2853940496348,26.389312834542192,339864,5448,1362,315.9867543000146
1363,6.606212363444263,1595.7373374229858,26.424849453777053,340148,5452,1363,316.13927380001405
1364,6.577346568741998,1585.5432177547036,26.30938627496799,340344,5456,1364,316.31187189999036
1365,6.583625738117697,1582.757371327071,26.33450295247079,340556,5460,1365,316.46375100000296
1366,6.5833828430525445,1588.0731674465526,26.333531372210178,340788,5464,1366,316.60282600001665
1367,6.591565774099698,1588.4328298075354,26.366263096398793,341076,5468,1367,316.7615164000308
1368,6.605596444654105,1578.8723583630383,26.42238577861642,341280,5472,1368,316.9088284000172
1369,6.593419960596766,1591.5708427334396,26.373679842387062,341592,5476,1369,317.0791398000438
1370,6.590110739997555,1591.8479738492053,26.36044295999022,341812,5480,1370,317.24002309999196
1371,6.588396693218703,1590.3582874977717,26.353586772874813,342040,5484,1371,317.41262020001886
1372,6.581924080706401,1596.3180770431604,26.327696322825602,342296,5488,1372,317.55918919999385
1373,6.570956439565342,1596.8765159662062,26.28382575826137,342540,5492,1373,317.727377000032
1374,6.577552023105244,1595.257719236382,26.310208092420975,342756,5496,1374,317.8788373999996
1375,6.583777092183272,1598.9172938159377,26.33510836873309,343060,5500,1375,318.02686010004254
1376,6.581837526765572,1603.8191850934882,26.327350107062287,343300,5504,1376,318.166116300039
1377,6.57763457924114,1602.2580885269847,26.31053831696456,343556,5508,1377,318.3187718000263
1378,6.550951987720992,1606.4538588664375,26.203807950883967,343912,5512,1378,318.4990129999933
1379,6.586004509258776,1596.2324398358617,26.344018037035102,344152,5516,1379,318.638219400018
1380,6.6012513197491165,1599.3888911849288,26.405005278996466,344360,5520,1380,318.77490509999916
1381,6.598780389157736,1601.4835997523223,26.395121556630944,344604,5524,1381,318.9180086000124
1382,6.611769905723827,1602.477130619922,26.44707962289531,344848,5528,1382,319.0756767000421
1383,6.5924213819678235,1605.860032962611,26.369685527871294,345124,5532,1383,319.23656240000855
1384,6.6022528423095865,1610.949693523539,26.409011369238346,345364,5536,1384,319.3870939000044
1385,6.58807115701815,1615.0185864918778,26.3522846280726,345636,5540,1385,319.5408596000052
1386,6.595950449875855,1620.7192533980672,26.38380179950342,345852,5544,1386,319.70026589999907
1387,6.594547173468502,1616.067805285914,26.37818869387401,346088,5548,1387,319.85940230003325
1388,6.595095345983659,1617.817266504563,26.380381383934637,346376,5552,1388,320.01433130004443
1389,6.587743261628492,1608.4849057576178,26.350973046513968,346636,5556,1389,320.1722768000327
1390,6.576488867095098,1611.6424146138356,26.305955468380393,346884,5560,1390,320.3240817000042
1391,6.560837764892429,1611.020407901749,26.243351059569715,347136,5564,1391,320.4837325999979
1392,6.549294225333699,1614.0668788801988,26.197176901334796,347424,5568,1392,320.6477879000013
1393,6.5595417638008495,1621.947102249206,26.238167055203398,347676,5572,1393,320.7962906000321
1394,6.542450281426853,1621.4595146458714,26.169801125707412,347904,5576,1394,320.9551191999926
1395,6.539566935741704,1613.8049670814019,26.158267742966817,348128,5580,1395,321.11609480000334
1396,6.520597042347976,1619.7695346828482,26.082388169391905,348432,5584,1396,321.2763146000216
1397,6.501593507413138,1618.2333554369516,26.00637402965255,348712,5588,1397,321.4406802000012
1398,6.50723152621173,1621.2302545304653,26.02892610484692,348944,5592,1398,321.5774344000383
1399,6.502864465348357,1622.2656168248636,26.011457861393428,349224,5596,1399,321.7285708000418
1400,6.479761773256118,1625.4945248339632,25.91904709302447,349512,5600,1400,321.90661110001383
1401,6.484317855896834,1621.344130009143,25.937271423587337,349736,5604,1401,322.04972270003054
1402,6.491994390520005,1619.0239071868257,25.96797756208002,349936,5608,1402,322.1977984000114
1403,6.488930619351777,1614.0221711971317,25.955722477407107,350156,5612,1403,322.35843520000344
1404,6.4749480362363165,1620.058427025658,25.899792144945266,350432,5616,1404,322.51241850003134
1405,6.445534412059241,1620.591509317752,25.782137648236965,350712,5620,1405,322.6911335000186
1406,6.423572634283778,1619.2646771157802,25.69429053713511,350972,5624,1406,322.87027220003074
1407,6.391430036689918,1613.2491161996104,25.565720146759674,351248,5628,1407,323.07131289999234
1408,6.3438532632339655,1611.5976616476817,25.375413052935862,351548,5632,1408,323.2645635000081
1409,6.322190464059296,1595.2563856659006,25.288761856237183,351728,5636,1409,323.45095470000524
1410,6.299507216530936,1582.3333636951584,25.198028866123742,351932,5640,1410,323.62907840003027
1411,6.272649465098947,1574.0509759766665,25.09059786039579,352160,5644,1411,323.79844540002523
1412,6.2792893607956275,1571.6164228734199,25.11715744318251,352412,5648,1412,323.942704599991
1413,6.275013211132483,1586.9380349459946,25.10005284452993,352736,5652,1413,324.12062040000455
1414,6.269073255560872,1587.9946377147253,25.076293022243487,352968,5656,1414,324.27989830001025
1415,6.2252556410748365,1578.4199200961993,24.901022564299346,353212,5660,1415,324.4739887000178
1416,6.2158627828768225,1568.4270907650823,24.86345113150729,353440,5664,1416,324.64457330002915
1417,6.179982142363316,1563.913848271533,24.719928569453263,353680,5668,1417,324.837653900031
1418,6.195146012094442,1560.1653426376615,24.78058404837777,353932,5672,1418,324.9885579000111
1419,6.161118943657902,1562.157995020526,24.64447577463161,354236,5676,1419,325.1931239000405
1420,6.144251013667753,1558.38268567067,24.57700405467101,354468,5680,1420,325.38755480002146
1421,6.132661687538403,1553.4407523617685,24.53064675015361,354708,5684,1421,325.54919460002566
1422,6.10425126841345,1554.2171188719633,24.4170050736538,355016,5688,1422,325.75456950004445
1423,6.083982701202226,1551.0431000697592,24.335930804808903,355248,5692,1423,325.93277220003074
1424,6.090000235792567,1542.1372025655953,24.360000943170267,355468,5696,1424,326.07283680001274
1425,6.077504831544171,1535.9963231396532,24.310019326176683,355684,5700,1425,326.22863560001133
1426,6.059930136702424,1533.533340716532,24.239720546809696,355956,5704,1426,326.4046735999873
1427,6.082399784239066,1525.8134315891143,24.329599136956265,356204,5708,1427,326.5550438000355
1428,6.078287373822078,1524.7818040616526,24.31314949528831,356444,5712,1428,326.6997007000027
1429,6.044090704220974,1521.1372768255724,24.176362816883895,356692,5716,1429,326.8819972000201
1430,6.044691513056734,1519.8081518542647,24.178766052226937,356924,5720,1430,327.0242949000094
1431,6.048655085285598,1525.7423847781631,24.194620341142393,357208,5724,1431,327.1766510999878
1432,6.02927426755328,1545.4629551116163,24.11709707021312,357684,5728,1432,327.3635770000401
1433,6.023012924462156,1542.3829831867579,24.092051697848625,357912,5732,1433,327.5225570999901
1434,6.0285166801427845,1538.8711558209377,24.114066720571138,358144,5736,1434,327.6688955000136
1435,6.028692763479424,1552.6959729614352,24.114771053917696,358472,5740,1435,327.8280644000042
1436,6.034520437245861,1556.1673519395654,24.138081748983446,358724,5744,1436,327.9793515999918
1437,6.007619451502522,1572.2798335932314,24.030477806010087,359200,5748,1437,328.17064020002726
1438,6.015304604487601,1569.871740452805,24.061218417950403,359424,5752,1438,328.31816520000575
1439,5.999987485744882,1563.4253105712378,23.999949942979526,359652,5756,1439,328.49076539999805
1440,6.01020154436797,1559.7086293506757,24.04080617747188,359852,5760,1440,328.6365374000161
1441,5.999500792534577,1554.4828992248772,23.998003170138308,360120,5764,1441,328.8151341000339
1442,5.993771761681779,1547.1270457500232,23.975087046727115,360324,5768,1442,328.9714434000198
1443,5.994360481160225,1542.8749875182195,23.9774419246409,360516,5772,1443,329.12946910003666
1444,5.968199145109131,1542.4749790543274,23.872796580436525,360792,5776,1444,329.3262766000116
1445,5.9622072232489955,1538.0061082013735,23.848828892995982,361072,5780,1445,329.49474749999354
1446,5.96774615884415,1535.0504609402383,23.8709846353766,361316,5784,1446,329.65148520004004
1447,5.9342137663860495,1526.9095340121492,23.736855065544198,361552,5788,1447,329.834636100044
1448,5.900083435624915,1520.0541488026313,23.60033374249966,361848,5792,1448,330.03353810001863
1449,5.919999018015586,1519.385870419674,23.679996072062345,362088,5796,1449,330.1836394999991
1450,5.920637145618792,1517.1330612324398,23.682548582475167,362292,5800,1450,330.32585900003323
1451,5.911524861555662,1515.7632318486803,23.64609944622265,362500,5804,1451,330.4866919000051
1452,5.920891118738355,1518.1648166495652,23.68356447495342,362720,5808,1452,330.63421650003875
1453,5.923572472243934,1522.7207930690731,23.694289888975735,363028,5812,1453,330.78445370000554
1454,5.952030352353086,1522.2621301160993,23.808121409412344,363244,5816,1454,330.92361840000376
1455,5.9792769487651585,1526.3019607174408,23.917107795060634,363480,5820,1455,331.06524299999
1456,5.975496148773625,1514.6053503626208,23.9019845950945,363668,5824,1456,331.2714688000269
1457,5.966561029717735,1503.0863132823617,23.86624411887094,363892,5828,1457,331.47699940000894
1458,5.9741596381043856,1515.2419588237,23.896638552417542,364156,5832,1458,331.6529451000388
1459,5.975836400644985,1523.9602380093822,23.90334560257994,364428,5836,1459,331.8287674000021
1460,5.976630666656903,1528.5537860111083,23.906522666627612,364692,5840,1460,331.99704470002325
1461,5.9585452817174644,1531.7109462961873,23.834181126869858,365008,5844,1461,332.16618830000516
1462,5.973254836796117,1521.8390486237288,23.893019347184467,365220,5848,1462,332.3238532000105
1463,5.969456774931439,1518.4348825050095,23.877827099725756,365432,5852,1463,332.4883504000027
1464,6.004085890742841,1522.832233676572,24.016343562971365,365640,5856,1464,332.6350977999973
1465,6.01291542327873,1525.07169143894,24.05166169311492,365868,5860,1465,332.7936984000262
1466,6.044886216252201,1528.2459274884136,24.179544865008804,366068,5864,1466,332.9436791000189
1467,6.048315599010386,1523.1880508528195,24.193262396041543,366272,5868,1467,333.08998700004304
1468,6.090441237708562,1523.356077741962,24.36176495083425,366492,5872,1468,333.2385179999983
1469,6.128242836290199,1535.8126944825235,24.512971345160796,366748,5876,1469,333.38332150003407
1470,6.131179999514059,1530.0422251848552,24.524719998056234,366936,5880,1470,333.54113090003375
1471,6.18002734979001,1529.1153385480425,24.72010939916004,367140,5884,1471,333.68333700002404
1472,6.1930036702557345,1546.4814879438607,24.772014681022938,367484,5888,1472,333.8449263999937
1473,6.182879090443997,1550.5146584362415,24.731516361775988,367756,5892,1473,333.9979473000276
1474,6.182027971633239,1550.8058740268525,24.728111886532957,367976,5896,1474,334.15483720001066
1475,6.2033025825477415,1550.066057565603,24.813210330190966,368200,5900,1475,334.30369180004345
1476,6.151408766756209,1557.6873464879804,24.605635067024835,368612,5904,1476,334.52069880004274
1477,6.104685362187505,1576.753019262144,24.41874144875002,369100,5908,1477,334.7263224000344
1478,6.129176037480166,1575.5734973081667,24.516704149920663,369288,5912,1478,334.87654650001787
1479,6.124509656455093,1578.3736314635696,24.49803862582037,369552,5916,1479,335.02493539999705
1480,6.1364595313222425,1574.9411237940515,24.54583812528897,369784,5920,1480,335.1617115000263
1481,6.162403865718091,1555.9440944217188,24.649615462872365,370056,5924,1481,335.3150195000344
1482,6.1590436518395695,1556.6040119261475,24.636174607358278,370296,5928,1482,335.47833770001307
1483,6.141736077256515,1552.2297873621364,24.56694430902606,370528,5932,1483,335.6470957000274
1484,6.100463706198519,1529.8468984034164,24.401854824794075,370760,5936,1484,335.8602407000144
1485,6.100093698643974,1525.2724080772646,24.400374794575896,370976,5940,1485,336.01201510004466
1486,6.138363755018611,1501.7694835747573,24.553455020074445,371188,5944,1486,336.15322350000497
1487,6.141080111229816,1502.4340484372049,24.564320444919264,371412,5948,1487,336.2972175999894
1488,6.16250717552695,1508.6823689310468,24.6500287021078,371648,5952,1488,336.4420746000251
1489,6.074666377447709,1506.5172616070317,24.298665509790837,372004,5956,1489,336.70282400003634
1490,6.047611811060089,1493.8835379810473,24.190447244240357,372224,5960,1490,336.91750600002706
1491,6.048178829807848,1494.517332067621,24.192715319231393,372432,5964,1491,337.0730556999915
1492,6.0239036858221695,1498.8455864804876,24.095614743288678,372708,5968,1492,337.2637293000007
1493,6.02779672945167,1492.4332637083196,24.11118691780668,372924,5972,1493,337.4552833000198
1494,6.027746084268335,1491.4366025646796,24.11098433707334,373196,5976,1494,337.6238224999979
1495,6.025787443458541,1492.427681914548,24.103149773834165,373452,5980,1495,337.78320250002434
1496,6.03753632441969,1495.3375680236195,24.15014529767876,373688,5984,1496,337.95052930002566
1497,6.063720795601173,1490.9328192939377,24.254883182404694,373896,5988,1497,338.11438510002336
1498,6.0123886372035145,1491.0723820264716,24.049554548814058,374240,5992,1498,338.3334786000196
1499,5.952192813369175,1477.6014975882174,23.8087712534767,374456,5996,1499,338.5581191999954
1500,5.906620002266314,1476.8960870972833,23.626480009065254,374752,6000,1500,338.78246850002324
1501,5.873432304531045,1472.9129828179077,23.49372921812418,375008,6004,1501,338.97686819999944
1502,5.863783051219175,1458.047606041927,23.4551322048767,375212,6008,1502,339.1408338000183
1503,5.827521282718498,1452.3610184603735,23.310085130873993,375456,6012,1503,339.3319961000234
1504,5.7695434069030345,1433.6726637234967,23.078173627612138,375656,6016,1504,339.55811610003
1505,5.75932010498151,1431.6024260954039,23.03728041992604,375848,6020,1505,339.7794175000163
1506,5.7692446489197415,1440.1918478691077,23.076978595678966,376124,6024,1506,339.97031230002176
1507,5.791430540787034,1441.4752423558912,23.165722163148136,376352,6028,1507,340.11372170003597
1508,5.790132192021182,1444.933396817041,23.160528768084728,376656,6032,1508,340.29144120001
1509,5.796318937666271,1439.379772112718,23.185275750665085,376860,6036,1509,340.450685799995
1510,5.79069561426633,1434.2016729537995,23.16278245706532,377144,6040,1510,340.6280387000297
1511,5.792358670808467,1439.8148696009616,23.169434683233867,377400,6044,1511,340.78327409998747
1512,5.810997312408865,1449.665941773183,23.24398924963546,377656,6048,1512,340.92063790000975
1513,5.782232441094348,1468.923049525356,23.128929764377393,378088,6052,1513,341.1093334000325
1514,5.785710325108199,1479.2526316929695,23.142841300432796,378396,6056,1514,341.26284000003943
1515,5.775053419257111,1480.7708399907415,23.100213677028442,378632,6060,1515,341.42844909999985
1516,5.744867031657696,1487.0998659091065,22.979468126630785,378956,6064,1516,341.61934020003537
1517,5.733849273677563,1486.1201178715314,22.93539709471025,379192,6068,1517,341.7842605999904
1518,5.730514531461689,1488.0625897616028,22.922058125846757,379472,6072,1518,341.93403709999984
1519,5.736636184064231,1492.4620015194046,22.946544736256925,379684,6076,1519,342.08272190002026
1520,5.736101764912221,1491.8547120824765,22.944407059648885,379884,6080,1520,342.22572380001657
1521,5.740982588821329,1484.6883952151813,22.963930355285317,380156,6084,1521,342.38005070004147
1522,5.725132620655425,1482.4588304260417,22.9005304826217,380444,6088,1522,342.55670100002317
1523,5.710108511879713,1478.5685060965266,22.84043404751885,380664,6092,1523,342.73611019999953
1524,5.7093596854443796,1476.510325182677,22.837438741777518,380872,6096,1524,342.8860902999877
1525,5.751611290445712,1466.7782588859106,23.00644516178285,381108,6100,1525,343.0400506000151
1526,5.784116629248291,1444.3765525608587,23.136466516993163,381336,6104,1526,343.1977975000045
1527,5.7608344660329704,1455.962735252088,23.043337864131882,381672,6108,1527,343.38225870003225
1528,5.736120768045897,1446.9071978172915,22.944483072183587,381912,6112,1528,343.5672939000069
1529,5.724230789244278,1441.5715905974366,22.896923156977113,382124,6116,1529,343.7218136000447
1530,5.719604045579769,1445.5423775604054,22.878416182319075,382440,6120,1530,343.8820461000432
1531,5.7328157123167385,1448.413439152678,22.931262849266954,382676,6124,1531,344.02562100003706
1532,5.7360916926262435,1462.8204447154599,22.944366770504974,383024,6128,1532,344.18949750001775
1533,5.772992707760858,1472.702221367566,23.091970831043433,383260,6132,1533,344.3480394000071
1534,5.778813802491338,1474.6589344153406,23.11525520996535,383480,6136,1534,344.4912639000104
1535,5.77133014720846,1473.220356760886,23.08532058883384,383696,6140,1535,344.6434672999894
1536,5.7534738153652745,1470.5409400741776,23.013895261461098,383936,6144,1536,344.8138115000329
1537,5.748772314479834,1471.2164249709617,22.995089257919336,384188,6148,1537,344.9656336000189
1538,5.817324333806531,1483.0615424063508,23.269297335226124,384496,6152,1538,345.1259404000011
1539,5.853370465689205,1497.985013055972,23.41348186275682,384764,6156,1539,345.2887513000169
1540,5.862437263539695,1502.219638387845,23.44974905415878,384988,6160,1540,345.43135410000104
1541,5.871914186244526,1502.7306917450276,23.487656744978104,385248,6164,1541,345.60853790002875
1542,5.910404515666293,1514.5110020144077,23.641618062665174,385480,6168,1542,345.74574800004484
1543,5.917264517683555,1518.6840525385385,23.66905807073422,385772,6172,1543,345.9046759000048
1544,5.92098405693275,1522.0554118596922,23.683936227731,386048,6176,1544,346.05885390000185
1545,5.938011066572289,1522.5545110288622,23.752044266289158,386252,6180,1545,346.20245060004527
1546,5.948852326160248,1528.7336426736701,23.79540930464099,386488,6184,1546,346.35126800002763
1547,5.987622021160848,1519.1452442259524,23.950488084643393,386672,6188,1547,346.51702790003037
1548,6.031083812076665,1534.6031218157523,24.12433524830666,386924,6192,1548,346.682695400028
1549,6.096244547916333,1540.2348470041672,24.384978191665333,387132,6196,1549,346.8202037999872
1550,6.105479256446808,1539.0791790945098,24.42191702578723,387360,6200,1550,347.0024462000001
1551,6.1180557008828735,1547.7432340437572,24.472222803531494,387608,6204,1551,347.14991420001024
1552,6.143070687121003,1548.0538131544927,24.57228274848401,387804,6208,1552,347.30846299999394
1553,6.187372348380713,1566.7942060960793,24.74948939352285,388064,6212,1553,347.4774713999941
1554,6.2331403095368145,1583.9808802929065,24.932561238147258,388300,6216,1554,347.6406234999886
1555,6.259512942709322,1589.149816475591,25.03805177083729,388564,6220,1555,347.798397400009
1556,6.241809933288027,1590.2603103503618,24.96723973315211,388836,6224,1556,347.9640088000451
1557,6.245098951475509,1584.980623684682,24.980395805902035,389092,6228,1557,348.13759390002815
1558,6.2583131792188835,1592.9322851268962,25.033252716875534,389332,6232,1558,348.28027160000056
1559,6.281814183866122,1587.1195835971957,25.12725673546449,389524,6236,1559,348.4283330999897
1560,6.27600997875313,1585.1408060622193,25.10403991501252,389776,6240,1560,348.5907823999878
1561,6.272385134471503,1579.6169910077215,25.089540537886013,389996,6244,1561,348.73265820002416
1562,6.313874504711027,1566.871713822165,25.255498018844108,390248,6248,1562,348.8700198000297
1563,6.312015634118804,1565.8951438438405,25.248062536475217,390552,6252,1563,349.0258119000355
1564,6.3232168015663435,1576.416662202744,25.292867206265374,390848,6256,1564,349.1776694
1565,6.360467116334687,1571.1651831860215,25.441868465338747,391060,6260,1565,349.3231769000413
1566,6.375967235848787,1572.3915934285048,25.503868943395148,391276,6264,1566,349.4693690999993
1567,6.36355066227438,1563.0958320639684,25.45420264909752,391508,6268,1567,349.6341408000444
1568,6.369491580800715,1569.7547006071313,25.47796632320286,391760,6272,1568,349.7756436000345
1569,6.366021720253587,1580.8520875927684,25.46408688101435,392052,6276,1569,349.92283860000316
1570,6.37432436718365,1579.7917370424134,25.4972974687346,392300,6280,1570,350.06713989999844
1571,6.397826013481809,1576.2154211173956,25.591304053927235,392516,6284,1571,350.21555260004243
1572,6.430550838325772,1585.852578169972,25.722203353303087,392748,6288,1572,350.3559862000402
1573,6.4303103306652805,1600.491118220281,25.721241322661122,393068,6292,1573,350.5062513000448
1574,6.429554494323903,1600.8278536888085,25.718217977295613,393308,6296,1574,350.6611074000248
1575,6.443080805099011,1603.1436974646356,25.772323220396043,393528,6300,1575,350.8028550000163
1576,6.458307604465861,1591.643319010811,25.833230417863444,393748,6304,1576,350.9693857000093
1577,6.4753674840556785,1596.376310354951,25.901469936222714,393992,6308,1577,351.13443199999165
1578,6.477929930732476,1599.6520849359786,25.911719722929902,394224,6312,1578,351.28595839999616
1579,6.4944340976999,1595.7752354348324,25.9777363907996,394480,6316,1579,351.4269683000166
1580,6.499127472252679,1599.5811697013737,25.996509889010717,394736,6320,1580,351.56509460002417
1581,6.501626547755122,1580.558682384878,26.006506191020488,394936,6324,1581,351.72607309999876
1582,6.491583020078852,1582.8864066102474,25.966332080315407,395208,6328,1582,351.8962753000087
1583,6.482167510861702,1588.5279075597412,25.928670043446807,395488,6332,1583,352.0504638000275
1584,6.473410953271685,1597.4792907543106,25.89364381308674,395788,6336,1584,352.2128925000434
1585,6.495322618787714,1602.3563227735895,25.981290475150857,396024,6340,1585,352.3577016000054
1586,6.476418310160786,1605.0943665018895,25.905673240643143,396332,6344,1586,352.531543900026
1587,6.472090529491672,1591.870103294564,25.88836211796669,396548,6348,1587,352.696909899998
1588,6.477687578686316,1592.189167299959,25.910750314745265,396808,6352,1588,352.8531791000278
1589,6.471305439272491,1596.9597014629176,25.885221757089965,397080,6356,1589,353.0032421000069
1590,6.475701660794184,1590.643779373853,25.902806643176735,397284,6360,1590,353.1752855000086
1591,6.457366718836324,1595.6284945238817,25.829466875345297,397588,6364,1591,353.3339804999996
1592,6.460614380683574,1587.9926449174075,25.842457522734296,397816,6368,1592,353.4890939000179
1593,6.450952094688561,1577.1919611095705,25.803808378754244,398028,6372,1593,353.654631900019
1594,6.4443213593832045,1586.6182220326323,25.777285437532818,398316,6376,1594,353.80604410002707
1595,6.436983111095606,1597.9482155789174,25.747932444382425,398652,6380,1595,353.9635297000059
1596,6.430422649785972,1608.3930611383034,25.721690599143887,398928,6384,1596,354.1370558000053
1597,6.434605634795308,1602.61075851106,25.738422539181233,399128,6388,1597,354.2977697000024
1598,6.424692131997258,1608.0086593227422,25.69876852798903,399396,6392,1598,354.4470284000272
1599,6.42839307344748,1606.8358849711171,25.71357229378992,399608,6396,1599,354.6248799000168
1600,6.434531868635268,1608.3703332049952,25.738127474541074,399856,6400,1600,354.7650758000091
